   0.9700   3.0000   3.0000        0
   0.9702   3.0000   3.0000        0
   0.9704   3.0000   3.0000        0
   0.9706   3.0000   4.0000        0
   0.9708   4.0000   5.0000        0
   0.9710   5.0000   5.0000        0
   0.9712   4.0000   4.0000        0
   0.9714   4.0000   4.0000        0
   0.9716   4.0000   4.0000        0
   0.9718   4.0000   4.0000        0
   0.9720   4.0000   4.0000        0
   0.9722   4.0000   4.0000        0
   0.9724   3.0000   3.0000        0
   0.9726   4.0000   4.0000        0
   0.9728   4.0000   4.0000        0
   0.9730   4.0000   5.0000        0
   0.9732   4.0000   4.0000        0
   0.9734   4.0000   3.0000        0
   0.9736   3.0000   3.0000        0
   0.9738   3.0000   3.0000        0
   0.9740   3.0000   3.0000        0
   0.9742   3.0000   3.0000        0
   0.9744   2.0000   2.0000        0
   0.9746   2.0000   1.0000        0
   0.9748   1.0000   1.0000        0
   0.9750   1.0000   1.0000        0
   0.9752   1.0000   1.0000        0
   0.9754   2.0000   2.0000        0
   0.9756   2.0000   2.0000        0
   0.9758   2.0000   2.0000        0
   0.9760   2.0000   2.0000        0
   0.9762   2.0000   2.0000        0
   0.9764   2.0000   2.0000        0
   0.9766   2.0000   4.0000        0
   0.9768   4.0000   4.0000        0
   0.9770   5.0000   4.0000        0
   0.9772   5.0000   4.0000        0
   0.9774   5.0000   5.0000        0
   0.9776   6.0000   6.0000        0
   0.9778   6.0000   6.0000        0
   0.9780   6.0000   6.0000        0
   0.9782   6.0000   5.0000        0
   0.9784   5.0000   4.0000        0
   0.9786   4.0000   4.0000        0
   0.9788   4.0000   4.0000        0
   0.9790   4.0000   3.0000        0
   0.9792   3.0000   3.0000        0
   0.9794   3.0000   3.0000        0
   0.9796   3.0000   3.0000        0
   0.9798   4.0000   4.0000        0
   0.9800   3.0000   3.0000        0
   0.9802   3.0000   3.0000        0
   0.9804   3.0000   3.0000        0
   0.9806   3.0000   2.0000        0
   0.9808   2.0000   2.0000        0
   0.9810   2.0000   2.0000        0
   0.9812   2.0000   2.0000        0
   0.9814   2.0000   2.0000        0
   0.9816   2.0000   3.0000        0
   0.9818   2.0000   2.0000        0
   0.9820   2.0000   2.0000        0
   0.9822   2.0000   1.0000        0
   0.9824   1.0000   1.0000        0
   0.9826   1.0000   1.0000        0
   0.9828   1.0000   1.0000        0
   0.9830   1.0000   1.0000        0
   0.9832   1.0000   1.0000        0
   0.9834   1.0000   1.0000        0
   0.9836   1.0000   1.0000        0
   0.9838   1.0000   1.0000        0
   0.9840   1.0000   1.0000        0
   0.9842   1.0000   1.0000        0
   0.9844   1.0000   1.0000        0
   0.9846   1.0000   1.0000        0
   0.9848   1.0000   1.0000        0
   0.9850   1.0000   1.0000        0
   0.9852   1.0000   1.0000        0
   0.9854   1.0000   1.0000        0
   0.9856   1.0000   1.0000        0
   0.9858   1.0000   1.0000        0
   0.9860   1.0000   1.0000        0
   0.9862   1.0000   1.0000        0
   0.9864   1.0000   1.0000        0
   0.9866   1.0000   2.0000        0
   0.9868   2.0000   3.0000        0
   0.9870   3.0000   3.0000        0
   0.9872   3.0000   3.0000        0
   0.9874   3.0000   3.0000        0
   0.9876   3.0000   3.0000        0
   0.9878   3.0000   3.0000        0
   0.9880   3.0000   2.0000        0
   0.9882   2.0000   2.0000        0
   0.9884   2.0000   2.0000        0
   0.9886   2.0000   2.0000        0
   0.9888   2.0000   2.0000        0
   0.9890   2.0000   1.0000        0
   0.9892   1.0000   1.0000        0
   0.9894   1.0000   1.0000        0
   0.9896   1.0000   2.0000        0
   0.9898   2.0000   2.0000        0
   0.9900   2.0000   2.0000        0
   0.9902   2.0000   2.0000        0
   0.9904   2.0000   3.0000        0
   0.9906   3.0000   3.0000        0
   0.9908   2.0000   2.0000        0
   0.9910   2.0000   2.0000        0
   0.9912   2.0000   2.0000        0
   0.9914   2.0000   2.0000        0
   0.9916   2.0000   2.0000        0
   0.9918   2.0000   2.0000        0
   0.9920   3.0000   3.0000        0
   0.9922   3.0000   3.0000        0
   0.9924   3.0000   3.0000        0
   0.9926   3.0000   3.0000        0
   0.9928   3.0000   3.0000        0
   0.9930   3.0000   3.0000        0
   0.9932   3.0000   3.0000        0
   0.9934   4.0000   4.0000        0
   0.9936   4.0000   4.0000        0
   0.9938   4.0000   4.0000        0
   0.9940   4.0000   4.0000        0
   0.9942   4.0000   4.0000        0
   0.9944   4.0000   4.0000        0
   0.9946   4.0000   4.0000        0
   0.9948   4.0000   4.0000        0
   0.9950   5.0000   5.0000        0
   0.9952   5.0000   5.0000        0
   0.9954   5.0000   5.0000        0
   0.9956   6.0000   6.0000        0
   0.9958   6.0000   6.0000        0
   0.9960   6.0000   6.0000        0
   0.9962   6.0000   6.0000        0
   0.9964   6.0000   6.0000        0
   0.9966   6.0000   6.0000        0
   0.9968   6.0000   6.0000        0
   0.9970   6.0000   6.0000        0
   0.9972   6.0000   6.0000        0
   0.9974   6.0000   6.0000        0
   0.9976   6.0000   5.0000        0
   0.9978   6.0000   5.0000        0
   0.9980   6.0000   5.0000        0
   0.9982   6.0000   5.0000        0
   0.9984   6.0000   5.0000        0
   0.9986   6.0000   5.0000        0
   0.9988   6.0000   5.0000        0
   0.9990   6.0000   6.0000        0
   0.9992   7.0000   7.0000        0
   0.9994   7.0000   7.0000        0
   0.9996   8.0000   8.0000        0
   0.9998   8.0000   8.0000        0
   1.0000   8.0000   8.0000        0

