   9.0000e-01   1.0000e+02   1.0000e+02            0
   9.0100e-01   1.0000e+02   1.0000e+02            0
   9.0200e-01   1.0000e+02   1.0000e+02            0
   9.0300e-01   1.0000e+02   1.0000e+02            0
   9.0400e-01   1.0000e+02   1.0000e+02            0
   9.0500e-01   1.0000e+02   1.0000e+02            0
   9.0600e-01   1.0000e+02   1.0000e+02            0
   9.0700e-01   1.0000e+02   1.0000e+02            0
   9.0800e-01   1.0000e+02   1.0000e+02            0
   9.0900e-01   1.0000e+02   1.0000e+02            0
   9.1000e-01   1.0000e+02   1.0000e+02            0
   9.1100e-01   1.0000e+02   1.0000e+02            0
   9.1200e-01   1.0000e+02   1.0000e+02            0
   9.1300e-01   1.0000e+02   1.0000e+02            0
   9.1400e-01   1.0000e+02   1.0000e+02            0
   9.1500e-01   1.0000e+02   1.0000e+02            0
   9.1600e-01   1.0000e+02   1.0000e+02            0
   9.1700e-01   1.0000e+02   1.0000e+02            0
   9.1800e-01   1.0000e+02   1.0000e+02            0
   9.1900e-01   1.0000e+02   1.0000e+02            0
   9.2000e-01   1.0000e+02   1.0000e+02            0
   9.2100e-01   1.0000e+02   1.0000e+02            0
   9.2200e-01   1.0000e+02   1.0000e+02            0
   9.2300e-01   1.0000e+02   1.0000e+02            0
   9.2400e-01   1.0000e+02   1.0000e+02            0
   9.2500e-01   1.0000e+02   1.0000e+02            0
   9.2600e-01   1.0000e+02   1.0000e+02            0
   9.2700e-01   1.0000e+02   1.0000e+02            0
   9.2800e-01   1.0000e+02   1.0000e+02            0
   9.2900e-01   1.0000e+02   1.0000e+02            0
   9.3000e-01   1.0000e+02   1.0000e+02            0
   9.3100e-01   1.0000e+02   1.0000e+02            0
   9.3200e-01   1.0000e+02   1.0000e+02            0
   9.3300e-01   1.0000e+02   1.0000e+02            0
   9.3400e-01   1.0000e+02   1.0000e+02            0
   9.3500e-01   1.0000e+02   1.0000e+02            0
   9.3600e-01   1.0000e+02   1.0000e+02            0
   9.3700e-01   1.0000e+02   1.0000e+02            0
   9.3800e-01   1.0000e+02   1.0000e+02            0
   9.3900e-01   1.0000e+02   1.0000e+02            0
   9.4000e-01   1.0000e+02   1.0000e+02            0
   9.4100e-01   1.0000e+02   1.0000e+02            0
   9.4200e-01   1.0000e+02   1.0000e+02            0
   9.4300e-01   1.0000e+02   1.0000e+02            0
   9.4400e-01   1.0000e+02   1.0000e+02            0
   9.4500e-01   1.0000e+02   1.0000e+02            0
   9.4600e-01   1.0000e+02   1.0000e+02            0
   9.4700e-01   1.0000e+02   1.0000e+02            0
   9.4800e-01   1.0000e+02   1.0000e+02            0
   9.4900e-01   1.0000e+02   1.0000e+02            0
   9.5000e-01   1.0000e+02   1.0000e+02            0
   9.5100e-01   1.0000e+02   1.0000e+02            0
   9.5200e-01   1.0000e+02   1.0000e+02            0
   9.5300e-01   9.8000e+01   9.8000e+01            0
   9.5400e-01   9.3000e+01   9.3000e+01            0
   9.5500e-01   8.1000e+01   8.1000e+01            0
   9.5600e-01   6.2000e+01   6.2000e+01            0
   9.5700e-01   3.7000e+01   3.7000e+01            0
   9.5800e-01   2.3000e+01   2.3000e+01            0
   9.5900e-01   1.8000e+01   1.8000e+01            0
   9.6000e-01   1.2000e+01   1.2000e+01            0
   9.6100e-01   1.1000e+01   1.1000e+01            0
   9.6200e-01   6.0000e+00   6.0000e+00            0
   9.6300e-01   2.0000e+00   3.0000e+00            0
   9.6400e-01   2.0000e+00   2.0000e+00            0
   9.6500e-01   2.0000e+00   2.0000e+00            0
   9.6600e-01   5.0000e+00   5.0000e+00            0
   9.6700e-01   4.0000e+00   4.0000e+00            0
   9.6800e-01   4.0000e+00   4.0000e+00            0
   9.6900e-01   3.0000e+00   3.0000e+00            0
   9.7000e-01   3.0000e+00   3.0000e+00            0
   9.7100e-01   5.0000e+00   5.0000e+00            0
   9.7200e-01   4.0000e+00   4.0000e+00            0
   9.7300e-01   4.0000e+00   5.0000e+00            0
   9.7400e-01   3.0000e+00   3.0000e+00            0
   9.7500e-01   1.0000e+00   1.0000e+00            0
   9.7600e-01   2.0000e+00   2.0000e+00            0
   9.7700e-01   5.0000e+00   4.0000e+00            0
   9.7800e-01   6.0000e+00   6.0000e+00            0
   9.7900e-01   4.0000e+00   3.0000e+00            0
   9.8000e-01   3.0000e+00   3.0000e+00            0
   9.8100e-01   2.0000e+00   2.0000e+00            0
   9.8200e-01   2.0000e+00   2.0000e+00            0
   9.8300e-01   1.0000e+00   1.0000e+00            0
   9.8400e-01   1.0000e+00   1.0000e+00            0
   9.8500e-01   1.0000e+00   1.0000e+00            0
   9.8600e-01   1.0000e+00   1.0000e+00            0
   9.8700e-01   3.0000e+00   3.0000e+00            0
   9.8800e-01   3.0000e+00   2.0000e+00            0
   9.8900e-01   2.0000e+00   1.0000e+00            0
   9.9000e-01   2.0000e+00   2.0000e+00            0
   9.9100e-01   2.0000e+00   2.0000e+00            0
   9.9200e-01   3.0000e+00   3.0000e+00            0
   9.9300e-01   3.0000e+00   3.0000e+00            0
   9.9400e-01   4.0000e+00   4.0000e+00            0
   9.9500e-01   5.0000e+00   5.0000e+00            0
   9.9600e-01   6.0000e+00   6.0000e+00            0
   9.9700e-01   6.0000e+00   6.0000e+00            0
   9.9800e-01   6.0000e+00   5.0000e+00            0
   9.9900e-01   6.0000e+00   6.0000e+00            0
   1.0000e+00   8.0000e+00   8.0000e+00            0
   1.0010e+00   7.0000e+00   7.0000e+00            0
   1.0020e+00   1.2000e+01   1.3000e+01            0
   1.0030e+00   1.6000e+01   1.6000e+01            0
   1.0040e+00   2.2000e+01   2.2000e+01            0
   1.0050e+00   3.0000e+01   3.0000e+01            0
   1.0060e+00   4.9000e+01   4.9000e+01            0
   1.0070e+00   7.3000e+01   7.3000e+01            0
   1.0080e+00   8.0000e+01   8.0000e+01            0
   1.0090e+00   8.4000e+01   8.5000e+01            0
   1.0100e+00   9.0000e+01   9.0000e+01            0
   1.0110e+00   9.2000e+01   9.2000e+01            0
   1.0120e+00   9.3000e+01   9.3000e+01            0
   1.0130e+00   9.5000e+01   9.5000e+01            0
   1.0140e+00   9.7000e+01   9.7000e+01            0
   1.0150e+00   9.7000e+01   9.7000e+01            0
   1.0160e+00   9.7000e+01   9.7000e+01            0
   1.0170e+00   9.7000e+01   9.7000e+01            0
   1.0180e+00   9.7000e+01   9.7000e+01            0
   1.0190e+00   9.7000e+01   9.7000e+01            0
   1.0200e+00   9.8000e+01   9.8000e+01            0
   1.0210e+00   9.8000e+01   9.8000e+01            0
   1.0220e+00   9.8000e+01   9.8000e+01            0
   1.0230e+00   9.8000e+01   9.8000e+01            0
   1.0240e+00   9.8000e+01   9.8000e+01            0
   1.0250e+00   9.8000e+01   9.8000e+01            0
   1.0260e+00   9.8000e+01   9.8000e+01            0
   1.0270e+00   9.8000e+01   9.8000e+01            0
   1.0280e+00   9.8000e+01   9.8000e+01            0
   1.0290e+00   9.8000e+01   9.8000e+01            0
   1.0300e+00   9.9000e+01   9.9000e+01            0
   1.0310e+00   1.0000e+02   1.0000e+02            0
   1.0320e+00   1.0000e+02   1.0000e+02            0
   1.0330e+00   1.0000e+02   1.0000e+02            0
   1.0340e+00   1.0000e+02   1.0000e+02            0
   1.0350e+00   1.0000e+02   1.0000e+02            0
   1.0360e+00   1.0000e+02   1.0000e+02            0
   1.0370e+00   1.0000e+02   1.0000e+02            0
   1.0380e+00   1.0000e+02   1.0000e+02            0
   1.0390e+00   1.0000e+02   1.0000e+02            0
   1.0400e+00   1.0000e+02   1.0000e+02            0
   1.0410e+00   1.0000e+02   1.0000e+02            0
   1.0420e+00   1.0000e+02   1.0000e+02            0
   1.0430e+00   1.0000e+02   1.0000e+02            0
   1.0440e+00   1.0000e+02   1.0000e+02            0
   1.0450e+00   1.0000e+02   1.0000e+02            0
   1.0460e+00   1.0000e+02   1.0000e+02            0
   1.0470e+00   1.0000e+02   1.0000e+02            0
   1.0480e+00   1.0000e+02   1.0000e+02            0
   1.0490e+00   1.0000e+02   1.0000e+02            0
   1.0500e+00   1.0000e+02   1.0000e+02            0
   1.0510e+00   1.0000e+02   1.0000e+02            0
   1.0520e+00   1.0000e+02   1.0000e+02            0
   1.0530e+00   1.0000e+02   1.0000e+02            0
   1.0540e+00   1.0000e+02   1.0000e+02            0
   1.0550e+00   1.0000e+02   1.0000e+02            0
   1.0560e+00   1.0000e+02   1.0000e+02            0
   1.0570e+00   1.0000e+02   1.0000e+02            0
   1.0580e+00   1.0000e+02   1.0000e+02            0
   1.0590e+00   1.0000e+02   1.0000e+02            0
   1.0600e+00   1.0000e+02   1.0000e+02            0
   1.0610e+00   1.0000e+02   1.0000e+02            0
   1.0620e+00   1.0000e+02   1.0000e+02            0
   1.0630e+00   1.0000e+02   1.0000e+02            0
   1.0640e+00   1.0000e+02   1.0000e+02            0
   1.0650e+00   1.0000e+02   1.0000e+02            0
   1.0660e+00   1.0000e+02   1.0000e+02            0
   1.0670e+00   1.0000e+02   1.0000e+02            0
   1.0680e+00   1.0000e+02   1.0000e+02            0
   1.0690e+00   1.0000e+02   1.0000e+02            0
   1.0700e+00   1.0000e+02   1.0000e+02            0
   1.0710e+00   1.0000e+02   1.0000e+02            0
   1.0720e+00   1.0000e+02   1.0000e+02            0
   1.0730e+00   1.0000e+02   1.0000e+02            0
   1.0740e+00   1.0000e+02   1.0000e+02            0
   1.0750e+00   1.0000e+02   1.0000e+02            0
   1.0760e+00   1.0000e+02   1.0000e+02            0
   1.0770e+00   1.0000e+02   1.0000e+02            0
   1.0780e+00   1.0000e+02   1.0000e+02            0
   1.0790e+00   1.0000e+02   1.0000e+02            0
   1.0800e+00   1.0000e+02   1.0000e+02            0
   1.0810e+00   1.0000e+02   1.0000e+02            0
   1.0820e+00   1.0000e+02   1.0000e+02            0
   1.0830e+00   1.0000e+02   1.0000e+02            0
   1.0840e+00   1.0000e+02   1.0000e+02            0
   1.0850e+00   1.0000e+02   1.0000e+02            0
   1.0860e+00   1.0000e+02   1.0000e+02            0
   1.0870e+00   1.0000e+02   1.0000e+02            0
   1.0880e+00   1.0000e+02   1.0000e+02            0
   1.0890e+00   1.0000e+02   1.0000e+02            0
   1.0900e+00   1.0000e+02   1.0000e+02            0
   1.0910e+00   1.0000e+02   1.0000e+02            0
   1.0920e+00   1.0000e+02   1.0000e+02            0
   1.0930e+00   1.0000e+02   1.0000e+02            0
   1.0940e+00   1.0000e+02   1.0000e+02            0
   1.0950e+00   1.0000e+02   1.0000e+02            0
   1.0960e+00   1.0000e+02   1.0000e+02            0
   1.0970e+00   1.0000e+02   1.0000e+02            0
   1.0980e+00   1.0000e+02   1.0000e+02            0
   1.0990e+00   1.0000e+02   1.0000e+02            0
   1.1000e+00   1.0000e+02   1.0000e+02            0

