   1.0000e+00            0
   2.0000e+00   1.0000e+00
   3.0000e+00   9.0000e+00
   4.0000e+00   6.0000e+00
   5.0000e+00   3.1000e+01
   6.0000e+00   3.5000e+01
   7.0000e+00   6.9000e+01
   8.0000e+00   9.2000e+01
   9.0000e+00   1.2000e+02
   1.0000e+01   1.5300e+02
   1.1000e+01   1.9500e+02
   1.2000e+01   2.0800e+02
   1.3000e+01   2.6900e+02
   1.4000e+01   3.0100e+02
   1.5000e+01   3.6500e+02
   1.6000e+01   4.1100e+02
   1.7000e+01   4.8000e+02
   1.8000e+01   5.3200e+02
   1.9000e+01   6.1600e+02
   2.0000e+01   6.7400e+02
   2.1000e+01   7.3300e+02
   2.2000e+01   8.0900e+02
   2.3000e+01   9.0800e+02
   2.4000e+01   9.6000e+02
   2.5000e+01   1.0590e+03
   2.6000e+01   1.1350e+03
   2.7000e+01   1.2400e+03
   2.8000e+01   1.3600e+03
   2.9000e+01   1.4220e+03
   3.0000e+01   1.5240e+03
   3.1000e+01   1.6600e+03
   3.2000e+01   1.7770e+03
   3.3000e+01   1.8680e+03
   3.4000e+01   1.9830e+03
   3.5000e+01   2.1190e+03
   3.6000e+01   2.2210e+03
   3.7000e+01   2.4050e+03
   3.8000e+01   2.4550e+03
   3.9000e+01   2.6450e+03
   4.0000e+01   2.7890e+03
   4.1000e+01   2.9350e+03
   4.2000e+01   3.0480e+03
   4.3000e+01   3.1830e+03
   4.4000e+01   3.3680e+03
   4.5000e+01   3.5270e+03
   4.6000e+01   3.6740e+03
   4.7000e+01   3.8500e+03
   4.8000e+01   4.0290e+03
   4.9000e+01   4.1360e+03
   5.0000e+01   4.3120e+03
   5.1000e+01   4.5090e+03
   5.2000e+01   4.6800e+03
   5.3000e+01   4.9220e+03
   5.4000e+01   5.0690e+03
   5.5000e+01   5.3060e+03
   5.6000e+01   5.5140e+03
   5.7000e+01   5.7200e+03
   5.8000e+01   5.8700e+03
   5.9000e+01   6.0640e+03
   6.0000e+01   6.2730e+03
   6.1000e+01   6.5040e+03
   6.2000e+01   6.6620e+03
   6.3000e+01   6.9120e+03
   6.4000e+01   7.1920e+03
   6.5000e+01   7.3780e+03
   6.6000e+01   7.6360e+03
   6.7000e+01   7.9060e+03
   6.8000e+01   8.1240e+03
   6.9000e+01   8.3100e+03
   7.0000e+01   8.6020e+03
   7.1000e+01   8.8790e+03
   7.2000e+01   9.1930e+03
   7.3000e+01   9.3340e+03
   7.4000e+01   9.6110e+03
   7.5000e+01   9.9260e+03
   7.6000e+01   1.0054e+04
   7.7000e+01   1.0507e+04
   7.8000e+01   1.0724e+04
   7.9000e+01   1.0993e+04
   8.0000e+01   1.1205e+04
   8.1000e+01   1.1592e+04
   8.2000e+01   1.1867e+04
   8.3000e+01   1.2105e+04
   8.4000e+01   1.2370e+04
   8.5000e+01   1.2731e+04
   8.6000e+01   1.2989e+04
   8.7000e+01   1.3278e+04
   8.8000e+01   1.3589e+04
   8.9000e+01   1.4027e+04
   9.0000e+01   1.4190e+04
   9.1000e+01   1.4660e+04
   9.2000e+01   1.4892e+04
   9.3000e+01   1.5295e+04
   9.4000e+01   1.5551e+04
   9.5000e+01   1.5950e+04
   9.6000e+01   1.6225e+04
   9.7000e+01   1.6592e+04
   9.8000e+01   1.7007e+04
   9.9000e+01   1.7252e+04
   1.0000e+02   1.7701e+04

