            0            0            0            0            0            0            0
   1.0000e-01   1.3820e-01   2.6287e-01   3.6180e-01   1.3820e-01   2.6287e-01  -3.6180e-01
   2.0000e-01   2.6287e-01   4.2533e-01   4.2533e-01   2.6287e-01   4.2533e-01  -4.2533e-01
   3.0000e-01   3.6180e-01   4.2533e-01   1.3820e-01   3.6180e-01   4.2533e-01  -1.3820e-01
   4.0000e-01   4.2533e-01   2.6287e-01  -2.6287e-01   4.2533e-01   2.6287e-01   2.6287e-01
   5.0000e-01   4.4721e-01   5.4768e-17  -4.4721e-01   4.4721e-01  -3.7277e-14   4.4721e-01
   6.0000e-01   4.2533e-01  -2.6287e-01  -2.6287e-01   4.2533e-01  -2.6287e-01   2.6287e-01
   7.0000e-01   3.6180e-01  -4.2533e-01   1.3820e-01   3.6180e-01  -4.2533e-01  -1.3820e-01
   8.0000e-01   2.6287e-01  -4.2533e-01   4.2533e-01   2.6287e-01  -4.2533e-01  -4.2533e-01
   9.0000e-01   1.3820e-01  -2.6287e-01   3.6180e-01   1.3820e-01  -2.6287e-01  -3.6180e-01
   1.0000e+00            0            0            0            0            0            0

