            0            0            0            0            0            0            0
   1.0000e-02   4.4422e-03   8.8799e-03   1.3309e-02   1.9580e-02   2.3408e-03  -5.4267e-03
   2.0000e-02   8.8799e-03   1.7725e-02   2.6500e-02   3.4642e-02   5.1725e-03  -1.2370e-02
   3.0000e-02   1.3309e-02   2.6500e-02   3.9455e-02   4.7509e-02   7.5470e-03  -1.5868e-02
   4.0000e-02   1.7725e-02   3.5170e-02   5.2061e-02   5.8497e-02   7.3329e-03  -2.1069e-02
   5.0000e-02   2.2123e-02   4.3702e-02   6.4204e-02   7.0736e-02   7.4290e-03  -2.4344e-02
   6.0000e-02   2.6500e-02   5.2061e-02   7.5777e-02   8.3505e-02   6.6688e-03  -2.6858e-02
   7.0000e-02   3.0850e-02   6.0214e-02   8.6678e-02   9.4647e-02   4.1974e-03  -3.0629e-02
   8.0000e-02   3.5170e-02   6.8130e-02   9.6810e-02   1.0867e-01   6.1283e-04  -3.2491e-02
   9.0000e-02   3.9455e-02   7.5777e-02   1.0608e-01   1.2321e-01  -3.7534e-03  -3.5692e-02
   1.0000e-01   4.3702e-02   8.3125e-02   1.1441e-01   1.3656e-01  -7.4163e-03  -3.5711e-02
   1.1000e-01   4.7905e-02   9.0145e-02   1.2173e-01   1.5128e-01  -1.0019e-02  -3.2929e-02
   1.2000e-01   5.2061e-02   9.6810e-02   1.2796e-01   1.6438e-01  -1.0569e-02  -2.9833e-02
   1.3000e-01   5.6165e-02   1.0309e-01   1.3306e-01   1.7446e-01  -7.5199e-03  -2.8949e-02
   1.4000e-01   6.0214e-02   1.0897e-01   1.3698e-01   1.7970e-01  -3.7457e-03  -3.1709e-02
   1.5000e-01   6.4204e-02   1.1441e-01   1.3968e-01   1.8500e-01   7.6771e-04  -3.3850e-02
   1.6000e-01   6.8130e-02   1.1941e-01   1.4114e-01   1.8892e-01   1.9965e-03  -3.5400e-02
   1.7000e-01   7.1989e-02   1.2393e-01   1.4135e-01   1.9193e-01   2.5045e-03  -3.7764e-02
   1.8000e-01   7.5777e-02   1.2796e-01   1.4031e-01   1.9339e-01   3.4144e-03  -4.1590e-02
   1.9000e-01   7.9491e-02   1.3149e-01   1.3802e-01   1.9612e-01   2.3612e-03  -4.5476e-02
   2.0000e-01   8.3125e-02   1.3450e-01   1.3450e-01   1.9896e-01   8.0291e-04  -5.0128e-02
   2.1000e-01   8.6678e-02   1.3698e-01   1.2979e-01   2.0423e-01   1.0694e-04  -5.1006e-02
   2.2000e-01   9.0145e-02   1.3892e-01   1.2393e-01   2.0897e-01  -1.4821e-03  -5.0161e-02
   2.3000e-01   9.3524e-02   1.4031e-01   1.1697e-01   2.1095e-01  -2.0568e-03  -4.6330e-02
   2.4000e-01   9.6810e-02   1.4114e-01   1.0897e-01   2.1071e-01  -9.2387e-04  -4.1557e-02
   2.5000e-01   1.0000e-01   1.4142e-01   1.0000e-01   2.0828e-01   2.1662e-05  -3.6173e-02
   2.6000e-01   1.0309e-01   1.4114e-01   9.0145e-02   2.0680e-01   6.7558e-04  -2.8995e-02
   2.7000e-01   1.0608e-01   1.4031e-01   7.9491e-02   2.0443e-01   3.8885e-03  -2.0979e-02
   2.8000e-01   1.0897e-01   1.3892e-01   6.8130e-02   2.0265e-01   6.8032e-03  -1.1996e-02
   2.9000e-01   1.1174e-01   1.3698e-01   5.6165e-02   1.9773e-01   1.0176e-02  -1.9541e-03
   3.0000e-01   1.1441e-01   1.3450e-01   4.3702e-02   1.8981e-01   1.1128e-02   8.3619e-03
   3.1000e-01   1.1697e-01   1.3149e-01   3.0850e-02   1.8104e-01   1.0920e-02   2.0050e-02
   3.2000e-01   1.1941e-01   1.2796e-01   1.7725e-02   1.6980e-01   6.6754e-03   3.4119e-02
   3.3000e-01   1.2173e-01   1.2393e-01   4.4422e-03   1.5702e-01  -1.3339e-05   4.7563e-02
   3.4000e-01   1.2393e-01   1.1941e-01  -8.8799e-03   1.4576e-01  -4.9117e-03   6.2900e-02
   3.5000e-01   1.2601e-01   1.1441e-01  -2.2123e-02   1.3242e-01  -7.3804e-03   7.8590e-02
   3.6000e-01   1.2796e-01   1.0897e-01  -3.5170e-02   1.1654e-01  -9.2235e-03   9.4952e-02
   3.7000e-01   1.2979e-01   1.0309e-01  -4.7905e-02   1.0032e-01  -1.0536e-02   1.1119e-01
   3.8000e-01   1.3149e-01   9.6810e-02  -6.0214e-02   8.4002e-02  -7.8666e-03   1.2602e-01
   3.9000e-01   1.3306e-01   9.0145e-02  -7.1989e-02   7.0792e-02  -7.1866e-03   1.4040e-01
   4.0000e-01   1.3450e-01   8.3125e-02  -8.3125e-02   5.8737e-02  -6.3880e-03   1.5174e-01
   4.1000e-01   1.3581e-01   7.5777e-02  -9.3524e-02   4.7866e-02  -6.8838e-03   1.6273e-01
   4.2000e-01   1.3698e-01   6.8130e-02  -1.0309e-01   3.9413e-02  -5.9036e-03   1.7542e-01
   4.3000e-01   1.3802e-01   6.0214e-02  -1.1174e-01   3.0692e-02  -5.1818e-03   1.8614e-01
   4.4000e-01   1.3892e-01   5.2061e-02  -1.1941e-01   2.4471e-02  -6.2835e-03   1.9388e-01
   4.5000e-01   1.3968e-01   4.3702e-02  -1.2601e-01   2.0723e-02  -4.1328e-03   2.0153e-01
   4.6000e-01   1.4031e-01   3.5170e-02  -1.3149e-01   1.9530e-02  -4.4210e-03   2.0791e-01
   4.7000e-01   1.4079e-01   2.6500e-02  -1.3581e-01   1.9822e-02  -4.5896e-03   2.1060e-01
   4.8000e-01   1.4114e-01   1.7725e-02  -1.3892e-01   1.8360e-02  -2.1577e-03   2.1100e-01
   4.9000e-01   1.4135e-01   8.8799e-03  -1.4079e-01   1.4193e-02  -2.5558e-03   2.1090e-01
   5.0000e-01   1.4142e-01   1.7319e-17  -1.4142e-01   9.8430e-03  -2.0145e-03   2.0985e-01
   5.1000e-01   1.4135e-01  -8.8799e-03  -1.4079e-01   6.4330e-03   1.9746e-03   2.0464e-01
   5.2000e-01   1.4114e-01  -1.7725e-02  -1.3892e-01   6.5160e-03   4.8890e-03   2.0151e-01
   5.3000e-01   1.4079e-01  -2.6500e-02  -1.3581e-01   4.5930e-03   6.4622e-03   1.9718e-01
   5.4000e-01   1.4031e-01  -3.5170e-02  -1.3149e-01   5.4624e-03   9.4448e-03   1.9081e-01
   5.5000e-01   1.3968e-01  -4.3702e-02  -1.2601e-01   5.9484e-03   9.9034e-03   1.8148e-01
   5.6000e-01   1.3892e-01  -5.2061e-02  -1.1941e-01   7.1955e-03   1.1971e-02   1.7221e-01
   5.7000e-01   1.3802e-01  -6.0214e-02  -1.1174e-01   8.4982e-03   1.2003e-02   1.6482e-01
   5.8000e-01   1.3698e-01  -6.8130e-02  -1.0309e-01   7.8706e-03   1.5131e-02   1.5736e-01
   5.9000e-01   1.3581e-01  -7.5777e-02  -9.3524e-02   8.7948e-03   2.1817e-02   1.4943e-01
   6.0000e-01   1.3450e-01  -8.3125e-02  -8.3125e-02   6.3619e-03   2.9412e-02   1.4267e-01
   6.1000e-01   1.3306e-01  -9.0145e-02  -7.1989e-02   3.5291e-03   4.1034e-02   1.3720e-01
   6.2000e-01   1.3149e-01  -9.6810e-02  -6.0214e-02  -4.8402e-04   5.2668e-02   1.3143e-01
   6.3000e-01   1.2979e-01  -1.0309e-01  -4.7905e-02  -2.2033e-03   6.6481e-02   1.2699e-01
   6.4000e-01   1.2796e-01  -1.0897e-01  -3.5170e-02  -2.8113e-03   8.0550e-02   1.2171e-01
   6.5000e-01   1.2601e-01  -1.1441e-01  -2.2123e-02   3.5298e-04   9.3023e-02   1.1475e-01
   6.6000e-01   1.2393e-01  -1.1941e-01  -8.8799e-03   1.4758e-03   1.0681e-01   1.0570e-01
   6.7000e-01   1.2173e-01  -1.2393e-01   4.4422e-03   3.8347e-03   1.1839e-01   9.7027e-02
   6.8000e-01   1.1941e-01  -1.2796e-01   1.7725e-02   4.7676e-03   1.3006e-01   8.8962e-02
   6.9000e-01   1.1697e-01  -1.3149e-01   3.0850e-02   4.6100e-03   1.4338e-01   8.0518e-02
   7.0000e-01   1.1441e-01  -1.3450e-01   4.3702e-02   3.2997e-03   1.5404e-01   7.3520e-02
   7.1000e-01   1.1174e-01  -1.3698e-01   5.6165e-02   2.7510e-03   1.6387e-01   6.7714e-02
   7.2000e-01   1.0897e-01  -1.3892e-01   6.8130e-02   2.6393e-03   1.7238e-01   5.9055e-02
   7.3000e-01   1.0608e-01  -1.4031e-01   7.9491e-02   1.9951e-03   1.8009e-01   4.7653e-02
   7.4000e-01   1.0309e-01  -1.4114e-01   9.0145e-02  -1.2765e-04   1.8819e-01   3.4069e-02
   7.5000e-01   1.0000e-01  -1.4142e-01   1.0000e-01  -1.5014e-03   1.9536e-01   2.0758e-02
   7.6000e-01   9.6810e-02  -1.4114e-01   1.0897e-01  -1.9612e-03   2.0200e-01   8.1546e-03
   7.7000e-01   9.3524e-02  -1.4031e-01   1.1697e-01  -3.1250e-03   2.0793e-01  -4.7527e-03
   7.8000e-01   9.0145e-02  -1.3892e-01   1.2393e-01  -4.1481e-03   2.1126e-01  -1.8730e-02
   7.9000e-01   8.6678e-02  -1.3698e-01   1.2979e-01  -5.9930e-03   2.1446e-01  -2.9342e-02
   8.0000e-01   8.3125e-02  -1.3450e-01   1.3450e-01  -6.0577e-03   2.1752e-01  -3.8610e-02
   8.1000e-01   7.9491e-02  -1.3149e-01   1.3802e-01  -3.4386e-03   2.1947e-01  -4.6418e-02
   8.2000e-01   7.5777e-02  -1.2796e-01   1.4031e-01  -1.4194e-03   2.2075e-01  -5.3217e-02
   8.3000e-01   7.1989e-02  -1.2393e-01   1.4135e-01   2.6884e-03   2.2265e-01  -5.6520e-02
   8.4000e-01   6.8130e-02  -1.1941e-01   1.4114e-01   4.6519e-03   2.2418e-01  -5.8573e-02
   8.5000e-01   6.4204e-02  -1.1441e-01   1.3968e-01   5.2408e-03   2.2283e-01  -5.9267e-02
   8.6000e-01   6.0214e-02  -1.0897e-01   1.3698e-01   7.7488e-03   2.1784e-01  -5.8367e-02
   8.7000e-01   5.6165e-02  -1.0309e-01   1.3306e-01   8.6409e-03   2.0893e-01  -5.4906e-02
   8.8000e-01   5.2061e-02  -9.6810e-02   1.2796e-01   5.1538e-03   1.9638e-01  -5.1472e-02
   8.9000e-01   4.7905e-02  -9.0145e-02   1.2173e-01   1.6062e-03   1.8177e-01  -4.8372e-02
   9.0000e-01   4.3702e-02  -8.3125e-02   1.1441e-01  -3.8899e-03   1.6338e-01  -4.3075e-02
   9.1000e-01   3.9455e-02  -7.5777e-02   1.0608e-01  -7.5346e-03   1.4507e-01  -3.7234e-02
   9.2000e-01   3.5170e-02  -6.8130e-02   9.6810e-02  -9.4067e-03   1.2510e-01  -3.2941e-02
   9.3000e-01   3.0850e-02  -6.0214e-02   8.6678e-02  -9.7116e-03   1.0327e-01  -2.7702e-02
   9.4000e-01   2.6500e-02  -5.2061e-02   7.5777e-02  -9.3505e-03   8.7006e-02  -2.1088e-02
   9.5000e-01   2.2123e-02  -4.3702e-02   6.4204e-02  -8.6492e-03   7.0583e-02  -1.6530e-02
   9.6000e-01   1.7725e-02  -3.5170e-02   5.2061e-02  -8.8110e-03   5.3882e-02  -1.1044e-02
   9.7000e-01   1.3309e-02  -2.6500e-02   3.9455e-02  -6.9443e-03   3.9387e-02  -6.7948e-03
   9.8000e-01   8.8799e-03  -1.7725e-02   2.6500e-02  -3.3567e-03   2.5611e-02  -3.8839e-03
   9.9000e-01   4.4422e-03  -8.8799e-03   1.3309e-02  -4.3021e-04   1.1048e-02  -3.2660e-03
   1.0000e+00            0            0            0            0            0            0

