   2.1000e+00  -1.6500e+00   8.1817e-01   7.4644e+00   3.5768e+01
   2.1030e+00  -1.6469e+00   8.0917e-01   7.1979e+00   3.8175e+01
   2.1060e+00  -1.6435e+00   8.0284e-01   8.4322e+00   5.5300e+01
   2.1090e+00  -1.6409e+00  -8.0034e-01   7.6460e+00   4.9377e+01
   2.1120e+00  -1.6358e+00  -7.8193e-01   8.1079e+00   5.9536e+01
   2.1150e+00  -1.6340e+00  -7.9492e-01   8.0489e+00   5.0904e+01
   2.1180e+00  -1.6313e+00  -8.0160e-01   7.1406e+00   3.2975e+01
   2.1210e+00  -1.6290e+00  -7.9296e-01   7.5204e+00   4.3658e+01
   2.1240e+00  -1.6242e+00  -7.8045e-01   7.7350e+00   4.9658e+01
   2.1270e+00  -1.6242e+00  -7.9987e-01   7.0663e+00   3.5920e+01
   2.1300e+00  -1.6184e+00  -7.8961e-01   7.2444e+00   3.5246e+01
   2.1330e+00  -1.6100e+00  -7.6007e-01   8.6186e+00   6.1735e+01
   2.1360e+00  -1.6050e+00  -7.5724e-01   9.2147e+00   5.4114e+01
   2.1390e+00  -1.5782e+00   5.2646e-01   9.5377e+00   1.6907e+02
   2.1420e+00  -1.5926e+00   6.8091e-01   1.0727e+01   1.4007e+02
   2.1450e+00  -1.5949e+00  -7.3452e-01   8.7810e+00   6.8404e+01
   2.1480e+00  -1.5979e+00  -7.6621e-01   7.9882e+00   5.0389e+01
   2.1510e+00  -1.5821e+00   6.5979e-01   9.6544e+00   1.1944e+02
   2.1540e+00  -1.5949e+00   7.7770e-01   7.7373e+00   4.6565e+01
   2.1570e+00  -1.5951e+00  -8.0634e-01   6.7506e+00   2.0574e+01
   2.1600e+00  -1.5898e+00   7.9294e-01   7.2042e+00   2.8517e+01
   2.1630e+00  -1.5824e+00   7.6878e-01   7.5875e+00   4.3392e+01
   2.1660e+00  -1.5340e+00   2.9884e-01   9.8320e+00   2.7208e+02
   2.1690e+00  -1.5767e+00   7.7102e-01   6.1700e+00   2.4523e+01
   2.1720e+00  -1.5688e+00   7.4759e-01   7.6607e+00   4.6224e+01
   2.1750e+00  -1.5746e+00   7.9335e-01   5.3080e+00   1.3257e+01
   2.1780e+00  -1.5699e+00   7.8999e-01   5.5658e+00   1.3684e+01
   2.1810e+00  -1.5622e+00   7.7718e-01   6.0084e+00   1.5577e+01
   2.1840e+00  -1.5598e+00   7.8219e-01   5.5393e+00   1.0140e+01
   2.1870e+00  -1.5592e+00   7.8998e-01   5.4474e+00   7.4618e+00
   2.1900e+00  -1.5566e+00   7.8920e-01   5.2944e+00   8.0426e+00
   2.1930e+00  -1.5507e+00   7.8232e-01   5.4236e+00   7.5784e+00
   2.1960e+00  -1.5353e+00   7.1562e-01   7.2348e+00   3.6952e+01
   2.1990e+00  -1.5379e+00   7.6008e-01   6.1445e+00   1.3632e+01
   2.2020e+00  -1.5243e+00   7.0232e-01   7.9688e+00   3.7938e+01
   2.2050e+00  -1.5311e+00  -7.4845e-01   5.9335e+00   1.9573e+01
   2.2080e+00  -1.5230e+00   7.2205e-01   6.9460e+00   3.4902e+01
   2.2110e+00  -1.4985e+00   6.0369e-01   8.0820e+00   7.9570e+01
   2.2140e+00  -1.5176e+00   7.4221e-01   6.2980e+00   1.5264e+01
   2.2170e+00  -1.5037e+00   6.8494e-01   8.7735e+00   5.0701e+01
   2.2200e+00  -1.4667e+00  -2.5385e-01   8.5839e+00   2.7272e+02
   2.2230e+00  -1.4800e+00  -5.2156e-01   7.4702e+00   1.3862e+02
   2.2260e+00  -1.4905e+00  -6.4342e-01   7.3785e+00   7.5038e+01
   2.2290e+00  -1.4881e+00   6.8830e-01   6.9942e+00   2.2489e+01
   2.2320e+00  -1.4786e+00  -6.3638e-01   6.8269e+00   6.1155e+01
   2.2350e+00  -1.4572e+00  -4.3612e-01   7.4810e+00   1.6898e+02
   2.2380e+00  -1.4460e+00  -4.8297e-01   6.3850e+00   7.6788e+01
   2.2410e+00  -1.4768e+00   6.8885e-01   5.8448e+00   2.1568e+01
   2.2440e+00  -1.4736e+00   7.0373e-01   5.4359e+00   8.8308e+00
   2.2470e+00  -1.4626e+00   6.6308e-01   6.6086e+00   1.7786e+01
   2.2500e+00  -1.4344e+00   4.5302e-01   7.3920e+00   1.5346e+02
   2.2530e+00  -1.4139e+00   3.3000e-01   5.7033e+00   1.1892e+02
   2.2560e+00  -1.4498e+00   6.5127e-01   6.2848e+00   1.9645e+01
   2.2590e+00  -1.4429e+00   6.2903e-01   7.0780e+00   3.2305e+01
   2.2620e+00  -1.4092e+00  -4.6783e-01   6.1247e+00   5.1811e+01
   2.2650e+00  -1.4268e+00   6.0517e-01   5.6418e+00   2.1646e+01
   2.2680e+00  -1.4033e+00   4.2496e-01   6.7883e+00   1.1750e+02
   2.2710e+00  -1.4058e+00  -4.4922e-01   7.0933e+00   9.8560e+01
   2.2740e+00  -1.4142e+00   5.7229e-01   5.3927e+00   2.9627e+01
   2.2770e+00  -1.3950e+00   8.7322e-02   6.8534e+00   3.3484e+02
   2.2800e+00  -1.3797e+00   4.5991e-01   5.4426e+00   3.1520e+01
   2.2830e+00  -1.3716e+00  -3.2640e-01   6.6998e+00   8.5375e+01
   2.2860e+00  -1.3713e+00  -4.0201e-01   7.5609e+00   8.3507e+01
   2.2890e+00  -1.3415e+00  -7.5072e-02   4.1622e+00   4.9129e+01
   2.2920e+00  -1.3676e+00   2.6992e-01   6.1882e+00   1.9252e+02
   2.2950e+00  -1.3660e+00   4.5561e-01   5.0320e+00   2.5229e+01
   2.2980e+00  -1.3504e+00   3.7499e-01   6.1639e+00   5.3994e+01
   2.3010e+00  -1.3502e+00  -4.2267e-01   4.3024e+00   2.6926e+01
   2.3040e+00  -1.3517e+00  -3.3999e-01   6.5895e+00   1.3829e+02
   2.3070e+00  -1.3359e+00   3.6284e-01   5.2577e+00   4.0481e+01
   2.3100e+00  -1.3240e+00  -3.1514e-01   4.2738e+00   3.9214e+01
   2.3130e+00  -1.3257e+00   2.5082e-01   5.0158e+00   7.2649e+01
   2.3160e+00  -1.3170e+00  -1.0595e-01   4.8127e+00   1.0774e+02
   2.3190e+00  -1.3042e+00  -1.5676e-01   4.1117e+00   5.6903e+01
   2.3220e+00  -1.3099e+00   1.1325e-01   4.9108e+00   1.2813e+02
   2.3250e+00  -1.2969e+00   2.8340e-02   3.9037e+00   9.0418e+01
   2.3280e+00  -1.2927e+00   1.2114e-01   4.3007e+00   8.3574e+01
   2.3310e+00  -1.2952e+00  -2.1118e-01   4.7892e+00   7.0679e+01
   2.3340e+00  -1.2813e+00  -1.1811e-01   3.6958e+00   4.6101e+01
   2.3370e+00  -1.2741e+00  -2.1983e-02   3.3964e+00   4.9464e+01
   2.3400e+00  -1.2723e+00  -1.3186e-01   3.6907e+00   4.3802e+01
   2.3430e+00  -1.2774e+00  -8.0859e-03   3.8528e+00   7.8597e+01
   2.3460e+00  -1.2631e+00  -2.6942e-02   3.4235e+00   4.5806e+01
   2.3490e+00  -1.2597e+00  -3.4487e-02   3.6653e+00   4.9096e+01
   2.3520e+00  -1.2649e+00  -1.0543e-01   3.7055e+00   7.3475e+01
   2.3550e+00  -1.2540e+00   1.2632e-02   3.2245e+00   3.7835e+01
   2.3580e+00  -1.2589e+00   1.6319e-01   3.8888e+00   3.7936e+01
   2.3610e+00  -1.2497e+00   2.8775e-02   3.5399e+00   4.2432e+01
   2.3640e+00  -1.2475e+00   7.4034e-02   3.3501e+00   3.6812e+01
   2.3670e+00  -1.2409e+00   9.0467e-02   3.2196e+00   3.3620e+01
   2.3700e+00  -1.2362e+00   9.4151e-03   3.3099e+00   3.1613e+01
   2.3730e+00  -1.2322e+00   1.3926e-02   2.9808e+00   2.7154e+01
   2.3760e+00  -1.2275e+00   4.4850e-02   2.8869e+00   2.8934e+01
   2.3790e+00  -1.2266e+00   1.0124e-02   3.1391e+00   3.0583e+01
   2.3820e+00  -1.2221e+00  -4.7244e-02   3.0661e+00   3.6235e+01
   2.3850e+00  -1.2179e+00  -1.7361e-02   2.9955e+00   2.6182e+01
   2.3880e+00  -1.2179e+00  -6.6518e-03   3.1436e+00   3.9027e+01
   2.3910e+00  -1.2095e+00   5.0511e-03   2.8914e+00   2.8006e+01
   2.3940e+00  -1.2081e+00   1.2484e-02   2.8350e+00   1.6485e+01
   2.3970e+00  -1.2060e+00   4.0923e-02   2.7244e+00   1.8461e+01
   2.4000e+00  -1.2018e+00  -5.9246e-02   3.0408e+00   1.9114e+01

