   2.0000e+00   4.0000e+00   8.0000e+00   1.6000e+01   3.2000e+01   6.4000e+01   1.2800e+02   2.5600e+02   5.1200e+02   1.0240e+03   2.0480e+03   4.0960e+03   8.1920e+03   1.6384e+04   3.2768e+04   6.5536e+04
   1.0000e+00   1.0000e+00   1.0000e+00   1.0000e+00   1.0000e+00   1.0000e+00   1.0000e+00   1.0000e+00   1.0000e+00   1.0000e+00   1.0000e+00   1.0000e+00   1.0000e+00   1.0000e+00   1.0000e+00   1.0000e+00
  -8.6000e-01  -1.0350e+00  -1.2175e+00  -1.4213e+00  -1.5753e+00  -1.7459e+00  -1.8716e+00  -1.9352e+00  -1.9662e+00  -1.9812e+00  -1.9892e+00  -1.9932e+00  -1.9950e+00  -1.9962e+00  -1.9966e+00  -1.9968e+00
  -8.5000e-02  -7.0000e-02  -1.1563e-01  -2.0062e-01  -3.5094e-01  -6.2930e-01  -8.1430e-01  -9.0697e-01  -9.5314e-01  -9.7610e-01  -9.8769e-01  -9.9348e-01  -9.9634e-01  -9.9783e-01  -9.9853e-01  -9.9889e-01
   4.8400e+00   1.5950e+01   2.1607e+01   2.8244e+01   2.3832e+01   2.4803e+01   1.8735e+01   1.0988e+01   5.8910e+00   3.0540e+00   1.5635e+00   7.9938e-01   4.1418e-01   2.1850e-01   1.2159e-01   7.3093e-02
   1.0000e-02   1.7500e-01   1.0561e+00   5.3623e+00   1.2445e+01   4.0019e+01   3.3700e+01   2.0286e+01   1.0997e+01   5.7102e+00   2.9096e+00   1.4690e+00   7.3864e-01   3.7094e-01   1.8649e-01   9.4124e-02
   2.4000e+00   2.4000e+00   2.4000e+00   2.4000e+00   2.4000e+00   2.4000e+00   2.4000e+00   2.4000e+00   2.4000e+00   2.4000e+00   2.4000e+00   2.4000e+00   2.4000e+00   2.4000e+00   2.4000e+00   2.4000e+00
  -8.2000e-01  -8.9250e-01  -9.5000e-01  -1.0088e+00  -1.0344e+00  -1.1181e+00  -1.1270e+00  -1.1545e+00  -1.2269e+00  -1.2180e+00  -1.2454e+00  -1.2475e+00  -1.2488e+00  -1.2416e+00  -1.2334e+00  -1.2346e+00
  -1.9250e-01  -1.5125e-01  -1.1250e-01  -2.0719e-01  -1.8281e-01   6.7969e-02   3.7227e-02   1.2121e-01  -1.6650e-01  -2.7061e-02   1.7277e-01   1.0254e-01   2.0814e-01  -1.5167e-04   3.5933e-02   4.9700e-02
   1.3500e+00   1.7198e+00   1.5667e+00   1.9956e+00   1.8999e+00   3.2359e+00   2.1358e+00   2.4031e+00   3.4321e+00   3.2725e+00   3.4856e+00   3.3550e+00   3.4696e+00   3.2227e+00   3.2740e+00   3.4004e+00
   3.6502e-01   3.2237e-01   2.9384e-01   1.2231e+00   1.4220e+00   6.0340e+00   3.5461e+00   5.7046e+00   1.3327e+01   1.5116e+01   1.6495e+01   1.8197e+01   1.6575e+01   1.8925e+01   1.7566e+01   1.7566e+01
   1.0000e+00   1.0000e+00   1.0000e+00   1.0000e+00   1.0000e+00   1.0000e+00   1.0000e+00   1.0000e+00   1.0000e+00   1.0000e+00   1.0000e+00   1.0000e+00   1.0000e+00   1.0000e+00   1.0000e+00   1.0000e+00
  -2.0000e+00  -2.0000e+00  -2.0000e+00  -2.0000e+00  -1.9994e+00  -1.9963e+00  -1.9968e+00  -1.9977e+00  -1.9975e+00  -1.9969e+00  -1.9971e+00  -1.9971e+00  -1.9970e+00  -1.9972e+00  -1.9971e+00  -1.9971e+00
   1.0000e+00   1.0000e+00   1.0000e+00   1.0000e+00   9.9984e-01   9.9906e-01   9.9918e-01   9.9941e-01   9.9937e-01   9.9921e-01   9.9925e-01   9.9926e-01   9.9923e-01   9.9927e-01   9.9925e-01   9.9925e-01
            0            0            0            0   4.8437e-03   2.9375e-02   2.7458e-02   2.0759e-02   2.1719e-02   2.9560e-02   2.5575e-02   2.4123e-02   2.5229e-02   2.3498e-02   2.4026e-02   2.4291e-02
            0            0            0            0   3.0273e-04   1.8359e-03   1.8402e-03   1.4252e-03   1.4209e-03   1.8786e-03   1.7304e-03   1.6153e-03   1.6948e-03   1.5768e-03   1.6105e-03   1.6339e-03
   2.4000e+00   2.4000e+00   2.4000e+00   2.4000e+00   2.4000e+00   2.4000e+00   2.4000e+00   2.4000e+00   2.4000e+00   2.4000e+00   2.4000e+00   2.4000e+00   2.4000e+00   2.4000e+00   2.4000e+00   2.4000e+00
  -1.7650e+00  -1.6950e+00  -1.6025e+00  -1.4594e+00  -1.2906e+00  -1.2530e+00  -1.2798e+00  -1.2480e+00  -1.2395e+00  -1.2371e+00  -1.2549e+00  -1.2523e+00  -1.2511e+00  -1.2428e+00  -1.2340e+00  -1.2349e+00
   9.2750e-01   9.0125e-01   8.6062e-01   7.8250e-01   6.2984e-01   5.9445e-01   6.0844e-01   5.0184e-01   4.6782e-01   6.4683e-02  -1.5396e-01  -9.3134e-02  -2.0344e-01   2.5031e-03  -3.4757e-02  -4.9112e-02
   9.3750e-01   1.3875e+00   2.9156e+00   5.3322e+00   8.2322e+00   5.5826e+00   3.7467e+00   3.1418e+00   2.9498e+00   3.2229e+00   3.3888e+00   3.3070e+00   3.4456e+00   3.2138e+00   3.2712e+00   3.3990e+00
   2.1267e-02   6.1957e-02   1.6469e-01   6.1350e-01   2.0241e+00   1.4514e+00   8.7214e-01   1.8505e+00   2.0246e+00   1.7347e+01   1.8158e+01   1.8942e+01   1.7018e+01   1.9079e+01   1.7649e+01   1.7608e+01

