   2.1000e+00  -1.6214e+00  -6.2859e-01   8.5663e+00   1.0791e+02
   2.1030e+00  -1.6411e+00   7.8165e-01   6.3557e+00   4.6448e+01
   2.1060e+00  -1.6428e+00   8.0787e-01   5.8349e+00   3.2566e+01
   2.1090e+00  -1.6251e+00   7.0858e-01   7.4891e+00   7.4041e+01
   2.1120e+00  -1.6224e+00  -7.2437e-01   7.0282e+00   5.9075e+01
   2.1150e+00  -1.6266e+00  -7.6001e-01   6.7492e+00   5.1373e+01
   2.1180e+00  -1.6365e+00  -8.3323e-01   4.3337e+00   8.9744e+00
   2.1210e+00  -1.6092e+00   6.2557e-01   7.4617e+00   1.3872e+02
   2.1240e+00  -1.6320e+00  -8.3719e-01   4.0767e+00   6.5629e+00
   2.1270e+00  -1.6287e+00  -8.3799e-01   3.9159e+00   5.4033e+00
   2.1300e+00  -1.6227e+00  -8.2377e-01   4.2831e+00   8.7224e+00
   2.1330e+00  -1.6253e+00  -8.4090e-01   3.9028e+00   4.7545e+00
   2.1360e+00  -1.6031e+00  -7.5924e-01   6.2930e+00   2.8029e+01
   2.1390e+00  -1.6002e+00  -7.5667e-01   6.1652e+00   2.5497e+01
   2.1420e+00  -1.6132e+00  -8.3121e-01   3.9031e+00   3.9032e+00
   2.1450e+00  -1.6037e+00  -7.9821e-01   5.7163e+00   1.8433e+01
   2.1480e+00  -1.5982e+00   7.7011e-01   5.8203e+00   3.6094e+01
   2.1510e+00  -1.5962e+00  -7.8547e-01   5.2735e+00   2.1500e+01
   2.1540e+00  -1.5972e+00  -8.0284e-01   4.6292e+00   1.2652e+01
   2.1570e+00  -1.5937e+00  -8.0468e-01   4.6355e+00   1.1087e+01
   2.1600e+00  -1.5851e+00  -7.7405e-01   5.5329e+00   2.0957e+01
   2.1630e+00  -1.5830e+00  -7.7165e-01   5.4026e+00   2.5272e+01
   2.1660e+00  -1.5683e+00  -7.0519e-01   7.9174e+00   5.7473e+01
   2.1690e+00  -1.5605e+00   6.8532e-01   8.1234e+00   5.7626e+01
   2.1720e+00  -1.5664e+00  -7.1952e-01   6.3741e+00   4.8159e+01
   2.1750e+00  -1.5657e+00   7.3940e-01   5.9983e+00   3.4647e+01
   2.1780e+00  -1.5587e+00   7.3104e-01   6.8207e+00   3.3578e+01
   2.1810e+00  -1.5647e+00  -7.7839e-01   4.9156e+00   1.2393e+01
   2.1840e+00  -1.5442e+00   6.1372e-01   7.3349e+00   1.1326e+02
   2.1870e+00  -1.5329e+00  -6.2744e-01   7.7736e+00   6.8048e+01
   2.1900e+00  -1.5522e+00  -7.6176e-01   5.1142e+00   1.6324e+01
   2.1930e+00  -1.5271e+00   6.4392e-01   7.7229e+00   6.1443e+01
   2.1960e+00  -1.5506e+00  -7.8584e-01   4.4849e+00   6.1196e+00
   2.1990e+00  -1.5238e+00  -6.8455e-01   7.6199e+00   3.3836e+01
   2.2020e+00  -1.5214e+00  -6.8523e-01   6.5989e+00   3.3161e+01
   2.2050e+00  -1.5310e+00   7.3958e-01   5.4098e+00   1.8132e+01
   2.2080e+00  -1.5213e+00   7.0447e-01   6.8507e+00   2.7818e+01
   2.2110e+00  -1.4785e+00   3.3425e-01   8.3914e+00   1.5267e+02
   2.2140e+00  -1.5200e+00  -7.1673e-01   5.2955e+00   2.7853e+01
   2.2170e+00  -1.5032e+00  -6.7868e-01   6.6747e+00   2.1262e+01
   2.2200e+00  -1.5112e+00  -7.3884e-01   5.0919e+00   8.5274e+00
   2.2230e+00  -1.5145e+00  -7.5056e-01   4.4392e+00   6.8715e+00
   2.2260e+00  -1.5040e+00  -7.3417e-01   4.7897e+00   6.6060e+00
   2.2290e+00  -1.4905e+00   6.6693e-01   6.1017e+00   3.7147e+01
   2.2320e+00  -1.4916e+00  -7.1099e-01   5.8696e+00   1.6372e+01
   2.2350e+00  -1.4892e+00  -7.2337e-01   4.6697e+00   5.8851e+00
   2.2380e+00  -1.4786e+00  -6.8526e-01   5.9528e+00   1.5467e+01
   2.2410e+00  -1.4747e+00  -6.8658e-01   5.8901e+00   1.3362e+01
   2.2440e+00  -1.4671e+00  -6.7511e-01   5.8741e+00   1.4923e+01
   2.2470e+00  -1.4401e+00  -3.9150e-01   7.1550e+00   1.2850e+02
   2.2500e+00  -1.4520e+00  -6.1400e-01   6.9888e+00   3.6318e+01
   2.2530e+00  -1.4620e+00  -6.8608e-01   5.8860e+00   1.3640e+01
   2.2560e+00  -1.4574e+00  -6.8087e-01   5.1797e+00   1.0547e+01
   2.2590e+00  -1.4340e+00   5.8001e-01   5.6758e+00   3.6484e+01
   2.2620e+00  -1.4315e+00  -6.1592e-01   5.2678e+00   1.3206e+01
   2.2650e+00  -1.4368e+00   6.4395e-01   5.3267e+00   1.7759e+01
   2.2680e+00  -1.4401e+00  -6.6396e-01   5.1075e+00   1.4922e+01
   2.2710e+00  -1.4245e+00  -6.2404e-01   5.9405e+00   1.8269e+01
   2.2740e+00  -1.4228e+00  -6.4098e-01   5.3836e+00   9.4364e+00
   2.2770e+00  -1.3973e+00  -5.1874e-01   5.7854e+00   2.7596e+01
   2.2800e+00  -1.3854e+00  -4.6631e-01   6.1705e+00   4.1160e+01
   2.2830e+00  -1.3804e+00   2.9476e-01   6.0560e+00   1.2735e+02
   2.2860e+00  -1.3896e+00   5.4754e-01   6.2284e+00   2.7037e+01
   2.2890e+00  -1.3362e+00  -1.6620e-01   3.5843e+00   3.5884e+01
   2.2920e+00  -1.3765e+00  -5.2150e-01   5.4739e+00   1.9630e+01
   2.2950e+00  -1.3653e+00  -2.3500e-01   5.1436e+00   1.4028e+02
   2.2980e+00  -1.3529e+00   2.8963e-01   6.0120e+00   9.1333e+01
   2.3010e+00  -1.3498e+00  -3.8575e-01   5.2146e+00   4.8703e+01
   2.3040e+00  -1.3451e+00  -4.1429e-01   5.0869e+00   2.6151e+01
   2.3070e+00  -1.3435e+00  -2.3381e-01   5.0137e+00   1.0768e+02
   2.3100e+00  -1.3479e+00   2.8352e-02   4.8874e+00   1.6978e+02
   2.3130e+00  -1.3211e+00   1.5529e-02   4.6919e+00   9.5545e+01
   2.3160e+00  -1.3204e+00   3.1144e-01   4.3328e+00   3.4667e+01
   2.3190e+00  -1.3247e+00  -4.0832e-01   4.6267e+00   2.5705e+01
   2.3220e+00  -1.3104e+00  -2.9228e-01   3.6531e+00   2.7899e+01
   2.3250e+00  -1.3150e+00  -2.8559e-01   5.0706e+00   6.7742e+01
   2.3280e+00  -1.2906e+00  -4.5384e-02   4.3205e+00   5.5729e+01
   2.3310e+00  -1.2870e+00   2.3819e-01   3.3891e+00   2.6869e+01
   2.3340e+00  -1.2951e+00  -1.1455e-01   4.2868e+00   8.9388e+01
   2.3370e+00  -1.2760e+00   9.4632e-02   3.4985e+00   4.7048e+01
   2.3400e+00  -1.2883e+00   8.2197e-03   3.5401e+00   8.3696e+01
   2.3430e+00  -1.2808e+00  -2.2906e-02   4.1642e+00   8.6092e+01
   2.3460e+00  -1.2724e+00   1.5167e-01   3.6915e+00   4.4844e+01
   2.3490e+00  -1.2699e+00  -1.9151e-01   3.5872e+00   3.7116e+01
   2.3520e+00  -1.2612e+00   5.5315e-02   3.1771e+00   4.5141e+01
   2.3550e+00  -1.2504e+00   4.4359e-02   2.8395e+00   3.2881e+01
   2.3580e+00  -1.2527e+00  -8.3093e-02   3.4737e+00   4.3467e+01
   2.3610e+00  -1.2593e+00   2.1123e-02   3.5964e+00   6.7032e+01
   2.3640e+00  -1.2474e+00  -8.9005e-02   3.3613e+00   4.6809e+01
   2.3670e+00  -1.2449e+00   1.7713e-02   3.4071e+00   4.2672e+01
   2.3700e+00  -1.2417e+00   5.3796e-02   2.9702e+00   4.6450e+01
   2.3730e+00  -1.2333e+00  -2.8763e-02   3.0318e+00   3.0909e+01
   2.3760e+00  -1.2307e+00  -1.0674e-01   3.4222e+00   2.5912e+01
   2.3790e+00  -1.2335e+00   4.9707e-02   3.4027e+00   4.7922e+01
   2.3820e+00  -1.2291e+00  -5.2322e-02   3.2782e+00   3.8207e+01
   2.3850e+00  -1.2199e+00  -6.4928e-02   3.1055e+00   2.5178e+01
   2.3880e+00  -1.2154e+00   1.1185e-03   2.7231e+00   2.4886e+01
   2.3910e+00  -1.2148e+00   5.1423e-02   2.9306e+00   2.9876e+01
   2.3940e+00  -1.2039e+00  -1.8573e-02   2.8131e+00   1.7131e+01
   2.3970e+00  -1.2058e+00   1.6229e-03   3.1713e+00   2.7299e+01
   2.4000e+00  -1.2067e+00   1.6550e-02   2.8920e+00   3.5767e+01

