   2.1000e+00  -1.6313e+00  -7.3288e-01   5.3032e+00   3.4729e+01
   2.1060e+00  -1.6457e+00  -8.2840e-01   3.5686e+00   9.1124e+00
   2.1120e+00  -1.6433e+00  -8.4172e-01   2.9780e+00   4.6967e+00
   2.1180e+00  -1.6379e+00  -8.3756e-01   3.2113e+00   5.7663e+00
   2.1240e+00  -1.6270e+00  -8.1445e-01   3.7957e+00   1.0678e+01
   2.1300e+00  -1.6217e+00  -8.1959e-01   3.4917e+00   7.6752e+00
   2.1360e+00  -1.6168e+00   8.2610e-01   3.1126e+00   4.0691e+00
   2.1420e+00  -1.6109e+00  -8.2732e-01   2.9074e+00   2.7926e+00
   2.1480e+00  -1.6029e+00  -8.2291e-01   3.1373e+00   2.7366e+00
   2.1540e+00  -1.5938e+00  -8.1038e-01   3.2038e+00   3.7725e+00
   2.1600e+00  -1.5816e+00   7.9301e-01   3.8336e+00   6.8766e+00
   2.1660e+00  -1.5813e+00  -8.0430e-01   3.3568e+00   3.3182e+00
   2.1720e+00  -1.5728e+00  -7.9799e-01   3.3093e+00   2.6187e+00
   2.1780e+00  -1.5675e+00  -7.9446e-01   3.0746e+00   2.5114e+00
   2.1840e+00  -1.5578e+00  -7.8227e-01   3.3160e+00   3.5748e+00
   2.1900e+00  -1.5498e+00  -7.8046e-01   3.1697e+00   2.4214e+00
   2.1960e+00  -1.5459e+00  -7.7964e-01   3.1468e+00   2.7676e+00
   2.2020e+00  -1.5347e+00  -7.6272e-01   3.6155e+00   4.8013e+00
   2.2080e+00  -1.5255e+00  -7.5063e-01   3.9617e+00   5.9115e+00
   2.2140e+00  -1.5184e+00  -7.5227e-01   3.9302e+00   3.9374e+00
   2.2200e+00  -1.4976e+00  -5.3750e-01   4.6847e+00   7.5890e+01
   2.2260e+00  -1.5048e+00  -7.4895e-01   3.5326e+00   2.6422e+00
   2.2320e+00  -1.4960e+00  -7.3733e-01   3.8714e+00   3.2642e+00
   2.2380e+00  -1.4814e+00  -7.0588e-01   4.3791e+00   7.2071e+00
   2.2440e+00  -1.4662e+00  -6.8071e-01   4.2849e+00   6.6620e+00
   2.2500e+00  -1.4658e+00  -6.9436e-01   4.4140e+00   5.4159e+00
   2.2560e+00  -1.4532e+00   1.8292e-01   4.4046e+00   1.4067e+02
   2.2620e+00  -1.4276e+00  -2.8540e-01   4.7569e+00   1.0112e+02
   2.2680e+00  -1.4279e+00  -6.4431e-01   4.4728e+00   6.7924e+00
   2.2740e+00  -1.4290e+00   7.3615e-02   4.3100e+00   1.3735e+02
   2.2800e+00  -1.4218e+00  -6.6012e-01   4.2271e+00   4.8236e+00
   2.2860e+00  -1.3880e+00  -1.2138e-01   4.4486e+00   1.0318e+02
   2.2920e+00  -1.3842e+00  -2.3451e-01   5.0245e+00   9.4078e+01
   2.2980e+00  -1.3785e+00  -4.5061e-01   4.2986e+00   4.7222e+01
   2.3040e+00  -1.3705e+00  -5.7325e-01   4.2959e+00   7.8879e+00
   2.3100e+00  -1.3215e+00   2.2027e-01   3.9999e+00   4.3540e+01
   2.3160e+00  -1.2907e+00   6.8071e-02   3.4635e+00   3.0465e+01
   2.3220e+00  -1.3231e+00   1.4258e-01   4.0592e+00   6.9303e+01
   2.3280e+00  -1.3076e+00   2.0615e-01   4.7328e+00   5.2845e+01
   2.3340e+00  -1.3010e+00   1.6173e-01   4.3973e+00   5.4334e+01
   2.3400e+00  -1.2829e+00  -1.2531e-01   3.8128e+00   4.3561e+01
   2.3460e+00  -1.2721e+00  -1.2168e-01   3.5866e+00   4.1197e+01
   2.3520e+00  -1.2643e+00   5.0134e-03   3.8321e+00   4.3794e+01
   2.3580e+00  -1.2612e+00  -3.6164e-02   3.6564e+00   4.2668e+01
   2.3640e+00  -1.2487e+00  -1.4683e-01   3.4575e+00   3.0801e+01
   2.3700e+00  -1.2450e+00   1.0357e-01   3.6744e+00   3.4045e+01
   2.3760e+00  -1.2367e+00  -9.0012e-02   3.2988e+00   3.1813e+01
   2.3820e+00  -1.2247e+00   1.0945e-02   2.9238e+00   2.8428e+01
   2.3880e+00  -1.2221e+00  -1.6598e-01   3.1658e+00   2.3958e+01
   2.3940e+00  -1.2051e+00   1.3181e-02   3.0751e+00   2.4958e+01
   2.4000e+00  -1.1943e+00  -6.2371e-02   2.6597e+00   1.7144e+01

