   2.1000e+00  -1.6214e+00  -6.2859e-01   8.5663e+00   1.0791e+02
   2.1060e+00  -1.6428e+00   8.0787e-01   5.8349e+00   3.2566e+01
   2.1120e+00  -1.6224e+00  -7.2437e-01   7.0282e+00   5.9075e+01
   2.1180e+00  -1.6365e+00  -8.3323e-01   4.3337e+00   8.9744e+00
   2.1240e+00  -1.6320e+00  -8.3719e-01   4.0767e+00   6.5629e+00
   2.1300e+00  -1.6227e+00  -8.2377e-01   4.2831e+00   8.7224e+00
   2.1360e+00  -1.6031e+00  -7.5924e-01   6.2930e+00   2.8029e+01
   2.1420e+00  -1.6132e+00  -8.3121e-01   3.9031e+00   3.9032e+00
   2.1480e+00  -1.5982e+00   7.7011e-01   5.8203e+00   3.6094e+01
   2.1540e+00  -1.5972e+00  -8.0284e-01   4.6292e+00   1.2652e+01
   2.1600e+00  -1.5851e+00  -7.7405e-01   5.5329e+00   2.0957e+01
   2.1660e+00  -1.5683e+00  -7.0519e-01   7.9174e+00   5.7473e+01
   2.1720e+00  -1.5664e+00  -7.1952e-01   6.3741e+00   4.8159e+01
   2.1780e+00  -1.5587e+00   7.3104e-01   6.8207e+00   3.3578e+01
   2.1840e+00  -1.5442e+00   6.1372e-01   7.3349e+00   1.1326e+02
   2.1900e+00  -1.5522e+00  -7.6176e-01   5.1142e+00   1.6324e+01
   2.1960e+00  -1.5506e+00  -7.8584e-01   4.4849e+00   6.1196e+00
   2.2020e+00  -1.5214e+00  -6.8523e-01   6.5989e+00   3.3161e+01
   2.2080e+00  -1.5213e+00   7.0447e-01   6.8507e+00   2.7818e+01
   2.2140e+00  -1.5200e+00  -7.1673e-01   5.2955e+00   2.7853e+01
   2.2200e+00  -1.5112e+00  -7.3884e-01   5.0919e+00   8.5274e+00
   2.2260e+00  -1.5040e+00  -7.3417e-01   4.7897e+00   6.6060e+00
   2.2320e+00  -1.4916e+00  -7.1099e-01   5.8696e+00   1.6372e+01
   2.2380e+00  -1.4786e+00  -6.8526e-01   5.9528e+00   1.5467e+01
   2.2440e+00  -1.4671e+00  -6.7511e-01   5.8741e+00   1.4923e+01
   2.2500e+00  -1.4520e+00  -6.1400e-01   6.9888e+00   3.6318e+01
   2.2560e+00  -1.4574e+00  -6.8087e-01   5.1797e+00   1.0547e+01
   2.2620e+00  -1.4315e+00  -6.1592e-01   5.2678e+00   1.3206e+01
   2.2680e+00  -1.4401e+00  -6.6396e-01   5.1075e+00   1.4922e+01
   2.2740e+00  -1.4228e+00  -6.4098e-01   5.3836e+00   9.4364e+00
   2.2800e+00  -1.3854e+00  -4.6631e-01   6.1705e+00   4.1160e+01
   2.2860e+00  -1.3896e+00   5.4754e-01   6.2284e+00   2.7037e+01
   2.2920e+00  -1.3765e+00  -5.2150e-01   5.4739e+00   1.9630e+01
   2.2980e+00  -1.3529e+00   2.8963e-01   6.0120e+00   9.1333e+01
   2.3040e+00  -1.3451e+00  -4.1429e-01   5.0869e+00   2.6151e+01
   2.3100e+00  -1.3479e+00   2.8352e-02   4.8874e+00   1.6978e+02
   2.3160e+00  -1.3204e+00   3.1144e-01   4.3328e+00   3.4667e+01
   2.3220e+00  -1.3104e+00  -2.9228e-01   3.6531e+00   2.7899e+01
   2.3280e+00  -1.2906e+00  -4.5384e-02   4.3205e+00   5.5729e+01
   2.3340e+00  -1.2951e+00  -1.1455e-01   4.2868e+00   8.9388e+01
   2.3400e+00  -1.2883e+00   8.2197e-03   3.5401e+00   8.3696e+01
   2.3460e+00  -1.2724e+00   1.5167e-01   3.6915e+00   4.4844e+01
   2.3520e+00  -1.2612e+00   5.5315e-02   3.1771e+00   4.5141e+01
   2.3580e+00  -1.2527e+00  -8.3093e-02   3.4737e+00   4.3467e+01
   2.3640e+00  -1.2474e+00  -8.9005e-02   3.3613e+00   4.6809e+01
   2.3700e+00  -1.2417e+00   5.3796e-02   2.9702e+00   4.6450e+01
   2.3760e+00  -1.2307e+00  -1.0674e-01   3.4222e+00   2.5912e+01
   2.3820e+00  -1.2291e+00  -5.2322e-02   3.2782e+00   3.8207e+01
   2.3880e+00  -1.2154e+00   1.1185e-03   2.7231e+00   2.4886e+01
   2.3940e+00  -1.2039e+00  -1.8573e-02   2.8131e+00   1.7131e+01
   2.4000e+00  -1.2067e+00   1.6550e-02   2.8920e+00   3.5767e+01

