   2.1000e+00  -1.6554e+00  -8.4208e-01   8.3429e+00   3.2961e+01
   2.1030e+00  -1.6416e+00  -7.8529e-01   1.1200e+01   6.6987e+01
   2.1060e+00  -1.6060e+00   3.8055e-01   1.2118e+01   3.3670e+02
   2.1090e+00  -1.5778e+00   5.3888e-02   5.1928e+00   3.0763e+01
   2.1120e+00  -1.5940e+00   3.9863e-01   1.2126e+01   3.0400e+02
   2.1150e+00  -1.5827e+00  -2.3789e-01   1.2059e+01   3.7293e+02
   2.1180e+00  -1.5687e+00   1.4750e-01   5.7626e+00   7.7292e+01
   2.1210e+00  -1.6238e+00  -7.5742e-01   1.1041e+01   1.0688e+02
   2.1240e+00  -1.6280e+00  -8.1133e-01   9.2760e+00   4.2625e+01
   2.1270e+00  -1.6236e+00  -8.0011e-01   9.6226e+00   5.9973e+01
   2.1300e+00  -1.6011e+00  -6.7228e-01   1.2266e+01   1.2187e+02
   2.1330e+00  -1.6134e+00  -7.8962e-01   1.0247e+01   4.5500e+01
   2.1360e+00  -1.6139e+00  -7.9856e-01   9.3970e+00   4.7231e+01
   2.1390e+00  -1.5505e+00   2.1305e-01   6.3286e+00   1.4958e+02
   2.1420e+00  -1.5972e+00  -7.2682e-01   1.2675e+01   1.1332e+02
   2.1450e+00  -1.6017e+00  -7.6642e-01   1.0142e+01   7.0990e+01
   2.1480e+00  -1.5954e+00  -7.3554e-01   1.1341e+01   1.0852e+02
   2.1510e+00  -1.5342e+00  -5.8548e-02   5.3244e+00   5.8039e+01
   2.1540e+00  -1.5902e+00  -7.3559e-01   1.0395e+01   1.0833e+02
   2.1570e+00  -1.5256e+00   6.7475e-02   5.6885e+00   1.0538e+02
   2.1600e+00  -1.5837e+00  -7.5639e-01   9.8439e+00   6.0997e+01
   2.1630e+00  -1.5705e+00  -7.0192e-01   1.0199e+01   7.9012e+01
   2.1660e+00  -1.5776e+00  -7.7276e-01   9.3974e+00   4.2712e+01
   2.1690e+00  -1.5593e+00  -6.7288e-01   1.3110e+01   1.2304e+02
   2.1720e+00  -1.5488e+00   6.0044e-01   1.1253e+01   1.4739e+02
   2.1750e+00  -1.5254e+00  -3.1792e-01   1.0700e+01   2.9756e+02
   2.1780e+00  -1.5560e+00   7.1173e-01   1.1374e+01   9.3377e+01
   2.1810e+00  -1.5403e+00  -6.2612e-01   1.1925e+01   1.3946e+02
   2.1840e+00  -1.5549e+00  -7.4747e-01   9.7694e+00   5.8179e+01
   2.1870e+00  -1.5469e+00   7.1103e-01   1.1233e+01   9.8200e+01
   2.1900e+00  -1.5358e+00   6.6666e-01   1.1683e+01   1.2448e+02
   2.1930e+00  -1.5429e+00  -7.3764e-01   8.8035e+00   4.7697e+01
   2.1960e+00  -1.5271e+00  -6.3365e-01   1.0502e+01   1.1822e+02
   2.1990e+00  -1.5401e+00  -7.5369e-01   7.5657e+00   3.3859e+01
   2.2020e+00  -1.5304e+00  -7.2351e-01   8.3209e+00   4.1304e+01
   2.2050e+00  -1.4946e+00  -4.8168e-01   1.0583e+01   1.3353e+02
   2.2080e+00  -1.4866e+00  -3.8615e-01   1.0330e+01   2.0411e+02
   2.2110e+00  -1.4644e+00  -2.2277e-01   5.1600e+00   5.4792e+01
   2.2140e+00  -1.5074e+00  -6.3017e-01   1.0049e+01   1.2588e+02
   2.2170e+00  -1.4731e+00  -3.7674e-01   1.1550e+01   2.2162e+02
   2.2200e+00  -1.5018e+00   6.5319e-01   9.3558e+00   9.2622e+01
   2.2230e+00  -1.4771e+00  -4.1413e-01   1.1217e+01   3.0273e+02
   2.2260e+00  -1.4971e+00   6.9638e-01   8.3076e+00   4.4700e+01
   2.2290e+00  -1.4702e+00  -4.4650e-01   1.0931e+01   2.6967e+02
   2.2320e+00  -1.4812e+00   6.0967e-01   9.7530e+00   1.2989e+02
   2.2350e+00  -1.4735e+00  -5.8972e-01   8.2227e+00   1.0758e+02
   2.2380e+00  -1.4645e+00  -5.7608e-01   8.8391e+00   8.3614e+01
   2.2410e+00  -1.4656e+00  -5.6198e-01   9.8978e+00   1.6340e+02
   2.2440e+00  -1.4619e+00  -5.9816e-01   8.1051e+00   9.0840e+01
   2.2470e+00  -1.4358e+00   4.6736e-01   7.9558e+00   1.0718e+02
   2.2500e+00  -1.4527e+00  -6.1772e-01   7.1347e+00   4.4444e+01
   2.2530e+00  -1.4408e+00  -5.8295e-01   8.0226e+00   5.8071e+01
   2.2560e+00  -1.4288e+00   5.0316e-01   7.2276e+00   9.2621e+01
   2.2590e+00  -1.4273e+00  -5.3204e-01   8.2127e+00   4.6405e+01
   2.2620e+00  -1.4288e+00  -5.6059e-01   8.5982e+00   7.1332e+01
   2.2650e+00  -1.4206e+00  -5.4733e-01   7.4157e+00   5.5394e+01
   2.2680e+00  -1.4044e+00  -4.8487e-01   6.5309e+00   3.9201e+01
   2.2710e+00  -1.4112e+00   5.3865e-01   7.4123e+00   7.0043e+01
   2.2740e+00  -1.4038e+00  -4.7791e-01   8.2286e+00   1.0658e+02
   2.2770e+00  -1.3878e+00  -4.7046e-01   5.9548e+00   3.8336e+01
   2.2800e+00  -1.3847e+00  -3.3952e-01   7.6774e+00   1.6193e+02
   2.2830e+00  -1.3877e+00  -3.6702e-01   8.1930e+00   2.3169e+02
   2.2860e+00  -1.3688e+00  -3.8954e-02   5.8288e+00   2.9742e+02
   2.2890e+00  -1.3531e+00  -1.1976e-01   5.4910e+00   1.7760e+02
   2.2920e+00  -1.3560e+00  -3.0839e-01   5.1484e+00   7.9695e+01
   2.2950e+00  -1.3398e+00   1.0077e-01   4.1927e+00   7.3060e+01
   2.2980e+00  -1.3567e+00  -4.0140e-01   6.1616e+00   6.4944e+01
   2.3010e+00  -1.3412e+00  -3.4465e-01   5.3314e+00   4.8669e+01
   2.3040e+00  -1.3378e+00  -8.5458e-02   6.0698e+00   2.2965e+02
   2.3070e+00  -1.3382e+00  -3.8646e-01   5.3545e+00   3.5273e+01
   2.3100e+00  -1.3167e+00  -9.7942e-02   4.4314e+00   5.2503e+01
   2.3130e+00  -1.3284e+00  -3.3629e-01   5.5220e+00   5.6157e+01
   2.3160e+00  -1.3130e+00  -9.0624e-02   4.3342e+00   5.0276e+01
   2.3190e+00  -1.3031e+00   1.3987e-02   4.2882e+00   6.7772e+01
   2.3220e+00  -1.3066e+00   2.6335e-01   4.7892e+00   2.3868e+01
   2.3250e+00  -1.2979e+00  -1.2571e-01   4.3500e+00   6.8182e+01
   2.3280e+00  -1.2941e+00  -4.3199e-02   3.8178e+00   7.9262e+01
   2.3310e+00  -1.2936e+00  -1.7267e-01   4.2011e+00   3.7183e+01
   2.3340e+00  -1.2889e+00   7.9966e-02   5.2625e+00   1.1377e+02
   2.3370e+00  -1.2815e+00  -1.1872e-01   3.9419e+00   3.0310e+01
   2.3400e+00  -1.2756e+00  -3.1657e-02   3.7763e+00   5.0019e+01
   2.3430e+00  -1.2763e+00  -1.0786e-01   4.1474e+00   4.2586e+01
   2.3460e+00  -1.2681e+00   1.7165e-01   3.4885e+00   3.1132e+01
   2.3490e+00  -1.2635e+00  -1.4469e-01   3.7310e+00   3.6824e+01
   2.3520e+00  -1.2618e+00   3.3710e-02   4.7602e+00   6.0674e+01
   2.3550e+00  -1.2584e+00   8.9864e-02   3.7779e+00   6.1080e+01
   2.3580e+00  -1.2572e+00  -7.5132e-02   3.7082e+00   5.9010e+01
   2.3610e+00  -1.2471e+00  -7.6331e-02   3.5275e+00   3.6251e+01
   2.3640e+00  -1.2460e+00   4.2715e-02   3.6605e+00   3.9950e+01
   2.3670e+00  -1.2425e+00   3.0195e-02   3.5345e+00   3.4891e+01
   2.3700e+00  -1.2390e+00  -5.2594e-03   3.3456e+00   4.4734e+01
   2.3730e+00  -1.2366e+00   7.4811e-02   3.5742e+00   4.2227e+01
   2.3760e+00  -1.2288e+00  -3.8432e-02   3.2811e+00   3.7391e+01
   2.3790e+00  -1.2253e+00  -3.8738e-02   3.3475e+00   2.2158e+01
   2.3820e+00  -1.2239e+00   1.1682e-01   3.3095e+00   4.0734e+01
   2.3850e+00  -1.2206e+00  -8.2306e-02   3.4812e+00   2.9877e+01
   2.3880e+00  -1.2155e+00   1.5233e-02   3.2563e+00   3.0986e+01
   2.3910e+00  -1.2138e+00   1.8794e-02   3.2770e+00   3.2527e+01
   2.3940e+00  -1.2113e+00   2.4695e-02   3.1465e+00   3.2207e+01
   2.3970e+00  -1.2039e+00  -4.7801e-02   3.0652e+00   1.8837e+01
   2.4000e+00  -1.2003e+00   3.9825e-03   2.8841e+00   1.8098e+01

