   2.1000e+00  -1.6313e+00  -7.3288e-01   5.3032e+00   3.4729e+01
   2.1030e+00  -1.6530e+00   8.4540e-01   3.0538e+00   6.8466e+00
   2.1060e+00  -1.6457e+00  -8.2840e-01   3.5686e+00   9.1124e+00
   2.1090e+00  -1.6356e+00   8.0328e-01   4.3425e+00   1.3322e+01
   2.1120e+00  -1.6433e+00  -8.4172e-01   2.9780e+00   4.6967e+00
   2.1150e+00  -1.6425e+00   8.4283e-01   2.8952e+00   5.5067e+00
   2.1180e+00  -1.6379e+00  -8.3756e-01   3.2113e+00   5.7663e+00
   2.1210e+00  -1.6298e+00  -8.2035e-01   3.7156e+00   8.1102e+00
   2.1240e+00  -1.6270e+00  -8.1445e-01   3.7957e+00   1.0678e+01
   2.1270e+00  -1.6263e+00   8.2561e-01   3.4239e+00   6.7254e+00
   2.1300e+00  -1.6217e+00  -8.1959e-01   3.4917e+00   7.6752e+00
   2.1330e+00  -1.6109e+00   7.9610e-01   4.3394e+00   1.0679e+01
   2.1360e+00  -1.6168e+00   8.2610e-01   3.1126e+00   4.0691e+00
   2.1390e+00  -1.6056e+00   7.9673e-01   3.7692e+00   9.9240e+00
   2.1420e+00  -1.6109e+00  -8.2732e-01   2.9074e+00   2.7926e+00
   2.1450e+00  -1.6068e+00  -8.2645e-01   2.9608e+00   2.6702e+00
   2.1480e+00  -1.6029e+00  -8.2291e-01   3.1373e+00   2.7366e+00
   2.1510e+00  -1.5965e+00  -8.1560e-01   3.2650e+00   2.8284e+00
   2.1540e+00  -1.5938e+00  -8.1038e-01   3.2038e+00   3.7725e+00
   2.1570e+00  -1.5691e+00   6.6007e-01   4.8561e+00   4.9404e+01
   2.1600e+00  -1.5816e+00   7.9301e-01   3.8336e+00   6.8766e+00
   2.1630e+00  -1.5840e+00  -8.0748e-01   3.3400e+00   2.9359e+00
   2.1660e+00  -1.5813e+00  -8.0430e-01   3.3568e+00   3.3182e+00
   2.1690e+00  -1.5774e+00  -8.0153e-01   3.2626e+00   2.8737e+00
   2.1720e+00  -1.5728e+00  -7.9799e-01   3.3093e+00   2.6187e+00
   2.1750e+00  -1.5667e+00  -7.8519e-01   3.5095e+00   3.8643e+00
   2.1780e+00  -1.5675e+00  -7.9446e-01   3.0746e+00   2.5114e+00
   2.1810e+00  -1.5640e+00  -7.9237e-01   3.1033e+00   2.4382e+00
   2.1840e+00  -1.5578e+00  -7.8227e-01   3.3160e+00   3.5748e+00
   2.1870e+00  -1.5490e+00  -7.6182e-01   3.6549e+00   6.6290e+00
   2.1900e+00  -1.5498e+00  -7.8046e-01   3.1697e+00   2.4214e+00
   2.1930e+00  -1.5330e+00  -7.2800e-01   4.4795e+00   9.7318e+00
   2.1960e+00  -1.5459e+00  -7.7964e-01   3.1468e+00   2.7676e+00
   2.1990e+00  -1.5380e+00  -7.6960e-01   3.4018e+00   2.9408e+00
   2.2020e+00  -1.5347e+00  -7.6272e-01   3.6155e+00   4.8013e+00
   2.2050e+00  -1.5334e+00  -7.6907e-01   3.5756e+00   3.2085e+00
   2.2080e+00  -1.5255e+00  -7.5063e-01   3.9617e+00   5.9115e+00
   2.2110e+00  -1.5257e+00  -7.6045e-01   3.5064e+00   3.3757e+00
   2.2140e+00  -1.5184e+00  -7.5227e-01   3.9302e+00   3.9374e+00
   2.2170e+00  -1.5043e+00  -7.1597e-01   4.1844e+00   7.0825e+00
   2.2200e+00  -1.4976e+00  -5.3750e-01   4.6847e+00   7.5890e+01
   2.2230e+00  -1.4997e+00  -7.1767e-01   4.0859e+00   7.3804e+00
   2.2260e+00  -1.5048e+00  -7.4895e-01   3.5326e+00   2.6422e+00
   2.2290e+00  -1.4875e+00  -4.8021e-01   4.6673e+00   9.1678e+01
   2.2320e+00  -1.4960e+00  -7.3733e-01   3.8714e+00   3.2642e+00
   2.2350e+00  -1.4651e+00  -6.2082e-01   5.2952e+00   2.1199e+01
   2.2380e+00  -1.4814e+00  -7.0588e-01   4.3791e+00   7.2071e+00
   2.2410e+00  -1.4794e+00  -7.1607e-01   4.0086e+00   4.1180e+00
   2.2440e+00  -1.4662e+00  -6.8071e-01   4.2849e+00   6.6620e+00
   2.2470e+00  -1.4447e+00  -6.2293e-01   4.9985e+00   1.2468e+01
   2.2500e+00  -1.4658e+00  -6.9436e-01   4.4140e+00   5.4159e+00
   2.2530e+00  -1.4506e+00   1.4167e-01   4.9282e+00   1.3771e+02
   2.2560e+00  -1.4532e+00   1.8292e-01   4.4046e+00   1.4067e+02
   2.2590e+00  -1.4493e+00  -6.7569e-01   4.2304e+00   5.7508e+00
   2.2620e+00  -1.4276e+00  -2.8540e-01   4.7569e+00   1.0112e+02
   2.2650e+00  -1.4387e+00  -6.6446e-01   4.1367e+00   4.8721e+00
   2.2680e+00  -1.4279e+00  -6.4431e-01   4.4728e+00   6.7924e+00
   2.2710e+00  -1.4112e+00  -5.5401e-01   5.3086e+00   2.1260e+01
   2.2740e+00  -1.4290e+00   7.3615e-02   4.3100e+00   1.3735e+02
   2.2770e+00  -1.4163e+00  -7.8113e-02   4.6226e+00   1.2866e+02
   2.2800e+00  -1.4218e+00  -6.6012e-01   4.2271e+00   4.8236e+00
   2.2830e+00  -1.4001e+00  -1.1114e-02   4.5541e+00   1.1810e+02
   2.2860e+00  -1.3880e+00  -1.2138e-01   4.4486e+00   1.0318e+02
   2.2890e+00  -1.3899e+00  -5.0716e-01   4.5610e+00   3.2907e+01
   2.2920e+00  -1.3842e+00  -2.3451e-01   5.0245e+00   9.4078e+01
   2.2950e+00  -1.3649e+00  -2.0450e-01   4.7115e+00   8.2952e+01
   2.2980e+00  -1.3785e+00  -4.5061e-01   4.2986e+00   4.7222e+01
   2.3010e+00  -1.3322e+00  -3.3445e-01   4.1848e+00   3.3465e+01
   2.3040e+00  -1.3705e+00  -5.7325e-01   4.2959e+00   7.8879e+00
   2.3070e+00  -1.3484e+00   1.5169e-01   4.5973e+00   7.7015e+01
   2.3100e+00  -1.3215e+00   2.2027e-01   3.9999e+00   4.3540e+01
   2.3130e+00  -1.3304e+00   4.2801e-01   4.8017e+00   1.9624e+01
   2.3160e+00  -1.2907e+00   6.8071e-02   3.4635e+00   3.0465e+01
   2.3190e+00  -1.3289e+00   4.0322e-01   4.6783e+00   2.6951e+01
   2.3220e+00  -1.3231e+00   1.4258e-01   4.0592e+00   6.9303e+01
   2.3250e+00  -1.3151e+00  -4.4743e-01   4.3413e+00   1.0172e+01
   2.3280e+00  -1.3076e+00   2.0615e-01   4.7328e+00   5.2845e+01
   2.3310e+00  -1.2958e+00   1.9746e-01   4.0161e+00   4.0613e+01
   2.3340e+00  -1.3010e+00   1.6173e-01   4.3973e+00   5.4334e+01
   2.3370e+00  -1.3091e+00   1.9374e-01   3.9937e+00   5.8999e+01
   2.3400e+00  -1.2829e+00  -1.2531e-01   3.8128e+00   4.3561e+01
   2.3430e+00  -1.2920e+00   7.8811e-02   3.6285e+00   5.8797e+01
   2.3460e+00  -1.2721e+00  -1.2168e-01   3.5866e+00   4.1197e+01
   2.3490e+00  -1.2819e+00   1.3091e-01   4.1341e+00   5.0314e+01
   2.3520e+00  -1.2643e+00   5.0134e-03   3.8321e+00   4.3794e+01
   2.3550e+00  -1.2670e+00  -4.5585e-03   3.8330e+00   4.5796e+01
   2.3580e+00  -1.2612e+00  -3.6164e-02   3.6564e+00   4.2668e+01
   2.3610e+00  -1.2576e+00   6.9012e-02   3.5642e+00   4.4254e+01
   2.3640e+00  -1.2487e+00  -1.4683e-01   3.4575e+00   3.0801e+01
   2.3670e+00  -1.2475e+00  -1.5340e-01   3.4906e+00   2.7806e+01
   2.3700e+00  -1.2450e+00   1.0357e-01   3.6744e+00   3.4045e+01
   2.3730e+00  -1.2522e+00  -3.3799e-01   3.7970e+00   1.3499e+01
   2.3760e+00  -1.2367e+00  -9.0012e-02   3.2988e+00   3.1813e+01
   2.3790e+00  -1.2356e+00  -1.5710e-02   3.4140e+00   3.5921e+01
   2.3820e+00  -1.2247e+00   1.0945e-02   2.9238e+00   2.8428e+01
   2.3850e+00  -1.2242e+00   1.5421e-01   2.9638e+00   2.4161e+01
   2.3880e+00  -1.2221e+00  -1.6598e-01   3.1658e+00   2.3958e+01
   2.3910e+00  -1.2183e+00   5.0993e-02   3.2676e+00   3.3190e+01
   2.3940e+00  -1.2051e+00   1.3181e-02   3.0751e+00   2.4958e+01
   2.3970e+00  -1.2006e+00   3.3388e-02   2.7009e+00   1.9506e+01
   2.4000e+00  -1.1943e+00  -6.2371e-02   2.6597e+00   1.7144e+01

