   2.1000e+00  -1.6554e+00  -8.4208e-01   8.3429e+00   3.2961e+01
   2.1060e+00  -1.6060e+00   3.8055e-01   1.2118e+01   3.3670e+02
   2.1120e+00  -1.5940e+00   3.9863e-01   1.2126e+01   3.0400e+02
   2.1180e+00  -1.5687e+00   1.4750e-01   5.7626e+00   7.7292e+01
   2.1240e+00  -1.6280e+00  -8.1133e-01   9.2760e+00   4.2625e+01
   2.1300e+00  -1.6011e+00  -6.7228e-01   1.2266e+01   1.2187e+02
   2.1360e+00  -1.6139e+00  -7.9856e-01   9.3970e+00   4.7231e+01
   2.1420e+00  -1.5972e+00  -7.2682e-01   1.2675e+01   1.1332e+02
   2.1480e+00  -1.5954e+00  -7.3554e-01   1.1341e+01   1.0852e+02
   2.1540e+00  -1.5902e+00  -7.3559e-01   1.0395e+01   1.0833e+02
   2.1600e+00  -1.5837e+00  -7.5639e-01   9.8439e+00   6.0997e+01
   2.1660e+00  -1.5776e+00  -7.7276e-01   9.3974e+00   4.2712e+01
   2.1720e+00  -1.5488e+00   6.0044e-01   1.1253e+01   1.4739e+02
   2.1780e+00  -1.5560e+00   7.1173e-01   1.1374e+01   9.3377e+01
   2.1840e+00  -1.5549e+00  -7.4747e-01   9.7694e+00   5.8179e+01
   2.1900e+00  -1.5358e+00   6.6666e-01   1.1683e+01   1.2448e+02
   2.1960e+00  -1.5271e+00  -6.3365e-01   1.0502e+01   1.1822e+02
   2.2020e+00  -1.5304e+00  -7.2351e-01   8.3209e+00   4.1304e+01
   2.2080e+00  -1.4866e+00  -3.8615e-01   1.0330e+01   2.0411e+02
   2.2140e+00  -1.5074e+00  -6.3017e-01   1.0049e+01   1.2588e+02
   2.2200e+00  -1.5018e+00   6.5319e-01   9.3558e+00   9.2622e+01
   2.2260e+00  -1.4971e+00   6.9638e-01   8.3076e+00   4.4700e+01
   2.2320e+00  -1.4812e+00   6.0967e-01   9.7530e+00   1.2989e+02
   2.2380e+00  -1.4645e+00  -5.7608e-01   8.8391e+00   8.3614e+01
   2.2440e+00  -1.4619e+00  -5.9816e-01   8.1051e+00   9.0840e+01
   2.2500e+00  -1.4527e+00  -6.1772e-01   7.1347e+00   4.4444e+01
   2.2560e+00  -1.4288e+00   5.0316e-01   7.2276e+00   9.2621e+01
   2.2620e+00  -1.4288e+00  -5.6059e-01   8.5982e+00   7.1332e+01
   2.2680e+00  -1.4044e+00  -4.8487e-01   6.5309e+00   3.9201e+01
   2.2740e+00  -1.4038e+00  -4.7791e-01   8.2286e+00   1.0658e+02
   2.2800e+00  -1.3847e+00  -3.3952e-01   7.6774e+00   1.6193e+02
   2.2860e+00  -1.3688e+00  -3.8954e-02   5.8288e+00   2.9742e+02
   2.2920e+00  -1.3560e+00  -3.0839e-01   5.1484e+00   7.9695e+01
   2.2980e+00  -1.3567e+00  -4.0140e-01   6.1616e+00   6.4944e+01
   2.3040e+00  -1.3378e+00  -8.5458e-02   6.0698e+00   2.2965e+02
   2.3100e+00  -1.3167e+00  -9.7942e-02   4.4314e+00   5.2503e+01
   2.3160e+00  -1.3130e+00  -9.0624e-02   4.3342e+00   5.0276e+01
   2.3220e+00  -1.3066e+00   2.6335e-01   4.7892e+00   2.3868e+01
   2.3280e+00  -1.2941e+00  -4.3199e-02   3.8178e+00   7.9262e+01
   2.3340e+00  -1.2889e+00   7.9966e-02   5.2625e+00   1.1377e+02
   2.3400e+00  -1.2756e+00  -3.1657e-02   3.7763e+00   5.0019e+01
   2.3460e+00  -1.2681e+00   1.7165e-01   3.4885e+00   3.1132e+01
   2.3520e+00  -1.2618e+00   3.3710e-02   4.7602e+00   6.0674e+01
   2.3580e+00  -1.2572e+00  -7.5132e-02   3.7082e+00   5.9010e+01
   2.3640e+00  -1.2460e+00   4.2715e-02   3.6605e+00   3.9950e+01
   2.3700e+00  -1.2390e+00  -5.2594e-03   3.3456e+00   4.4734e+01
   2.3760e+00  -1.2288e+00  -3.8432e-02   3.2811e+00   3.7391e+01
   2.3820e+00  -1.2239e+00   1.1682e-01   3.3095e+00   4.0734e+01
   2.3880e+00  -1.2155e+00   1.5233e-02   3.2563e+00   3.0986e+01
   2.3940e+00  -1.2113e+00   2.4695e-02   3.1465e+00   3.2207e+01
   2.4000e+00  -1.2003e+00   3.9825e-03   2.8841e+00   1.8098e+01

